4.8888e-05 1728
0.000308513 1228800
0.000159615 64
0.00143982 6553600
4.3964e-05 64
1.169e-05 64
0.00144648 6553600
0.00182082 6553600
0.00186594 6553600
0.00179937 6553600
0.00185656 6553600
0.00180137 6553600
4.6454e-05 9216
0.0017741 6553600
0.000486125 64
0.00139585 6553600
4.3585e-05 64
1.1832e-05 64
0.0014204 6553600
0.00179985 6553600
0.00183568 6553600
0.00180799 6553600
4.5966e-05 9216
0.0018497 6553600
0.000485611 64
0.00182621 6553600
4.4074e-05 64
1.1897e-05 64
0.00179962 6553600
0.00139172 6553600
0.0014676 6553600
0.00184178 6553600
0.00194394 6553600
0.0018028 6553600
0.00194769 6553600
0.00182664 6553600
0.00180128 6553600
4.5421e-05 9216
0.00140473 6553600
0.000489938 64
0.00141486 6553600
4.4696e-05 64
1.1993e-05 64
0.00183458 6553600
0.00177935 6553600
0.00188284 6553600
0.00183976 6553600
4.6082e-05 9216
0.00187787 6553600
0.00048689 64
0.00181104 6553600
4.4085e-05 64
1.1729e-05 64
0.00140913 6553600
0.00143254 6553600
0.00189256 6553600
0.00180175 6553600
0.00191456 6553600
0.00181176 6553600
0.00198033 6553600
0.00181781 6553600
0.0013919 6553600
4.6076e-05 9216
0.00141424 6553600
0.000490935 64
0.0018131 6553600
4.3638e-05 64
1.1618e-05 64
0.00184276 6553600
0.00182994 6553600
0.00190586 6553600
0.0018213 6553600
4.5179e-05 9216
0.00185916 6553600
0.000489506 64
0.00140238 6553600
4.5045e-05 64
1.2349e-05 64
0.00145123 6553600
0.00184202 6553600
0.00190484 6553600
0.00186383 6553600
0.0019168 6553600
0.0018448 6553600
0.00189225 6553600
0.00141535 6553600
0.00143094 6553600
2.5377e-05 2048
0.00184225 6553600
5.605e-05 128
3.273e-06 6553600
1.7171e-05 128
1.1804e-05 128
2.632e-06 6553600
0.000959878 3276800
2.9971e-05 18432
0.00184729 6553600
0.000152309 128
0.00129875 3276800
1.8606e-05 128
1.1497e-05 128
0.00101758 3276800
0.00135243 3276800
0.00100555 3276800
0.000859885 3276800
3.3735e-05 36864
0.000978698 3276800
0.000145542 128
0.00102227 3276800
2.4772e-05 128
1.1964e-05 128
0.00132729 3276800
0.000997641 3276800
0.00137623 3276800
0.000990539 3276800
0.00135887 3276800
0.00098219 3276800
0.000980228 3276800
0.0013382 3276800
0.000987229 3276800
3.3784e-05 36864
0.00130262 3276800
0.000153646 128
0.000993672 3276800
1.7987e-05 128
1.1728e-05 128
0.00138342 3276800
0.000994223 3276800
0.000825651 3276800
0.00100562 3276800
3.4445e-05 36864
0.00102137 3276800
0.000153282 128
0.00138023 3276800
1.7868e-05 128
1.1624e-05 128
0.000980445 3276800
0.00132208 3276800
0.00102077 3276800
0.00131512 3276800
0.0010119 3276800
0.000969184 3276800
0.00136001 3276800
0.0010064 3276800
0.00132297 3276800
3.3862e-05 36864
0.000989596 3276800
0.000153685 128
0.00132886 3276800
2.4998e-05 128
1.1725e-05 128
0.00100262 3276800
0.000838306 3276800
0.000995856 3276800
0.000996122 3276800
3.3347e-05 36864
0.00132768 3276800
0.000152745 128
0.000983707 3276800
1.7772e-05 128
1.1298e-05 128
0.001328 3276800
0.000995844 3276800
0.00135158 3276800
0.000971267 3276800
0.000990267 3276800
0.00132164 3276800
0.00102625 3276800
0.00133946 3276800
0.000994363 3276800
1.5003e-05 8192
0.00133652 3276800
3.1336e-05 256
0.000764582 1638400
1.3319e-05 256
1.1715e-05 256
0.000757603 1638400
3.877e-06 3276800
3.0655e-05 73728
0.000991568 3276800
0.00012658 256
0.000771734 1638400
1.3103e-05 256
1.1688e-05 256
0.000731031 1638400
0.000744145 1638400
0.000808085 1638400
0.000744359 1638400
4.5041e-05 147456
0.000726069 1638400
0.000219677 256
0.000767334 1638400
1.3255e-05 256
1.1692e-05 256
0.000749847 1638400
0.000758811 1638400
0.00073673 1638400
0.000782171 1638400
0.000753072 1638400
3.052e-06 3276800
0.000741152 1638400
0.00078892 1638400
0.000737491 1638400
8.995e-05 147456
0.000733246 1638400
0.000219206 256
3.463e-06 3276800
1.3224e-05 256
1.1638e-05 256
2.724e-06 3276800
0.00074263 1638400
0.000755705 1638400
0.000739724 1638400
8.8581e-05 147456
0.000748198 1638400
0.000218787 256
0.0007622 1638400
1.2641e-05 256
1.158e-05 256
0.000753814 1638400
0.000744415 1638400
0.000756678 1638400
0.000723389 1638400
0.000749453 1638400
0.000740044 1638400
0.000751205 1638400
0.000750507 1638400
0.000760401 1638400
8.8273e-05 147456
0.00074464 1638400
0.000219365 256
0.000747386 1638400
1.3042e-05 256
1.1206e-05 256
0.000740573 1638400
0.000741992 1638400
0.000788581 1638400
0.0007293 1638400
8.7943e-05 147456
0.000743908 1638400
0.000210748 256
0.000753309 1638400
1.3101e-05 256
1.1122e-05 256
0.000763463 1638400
0.000741433 1638400
0.000752123 1638400
0.000759491 1638400
0.000753073 1638400
0.000743034 1638400
0.000741383 1638400
0.000742405 1638400
1.7142e-05 25600
1.6574e-05 25600
2.311e-05 25600
1.2307e-05 2560
1.0369e-05 400
1.0868e-05 40
1.1945e-05 4000
1.1514e-05 4000
1.0537e-05 4000
1.037e-05 400
1.0988e-05 40
1.0886e-05 4000
1.0755e-05 4000
1.092e-05 40
9.853e-06 400
1.0763e-05 4000
1.0303e-05 40
1.0655e-05 4000
1.0996e-05 400
1.1586e-05 4000
1.0771e-05 400
1.1687e-05 4000
1.1286e-05 400
9.467e-06 4000
1.1357e-05 4000
1.0811e-05 400
1.1002e-05 4000
1.1464e-05 2560
1.9471e-05 25600
1.1887e-05 4000
2.2216e-05 25600
2.2195e-05 25600
0.00076599 1638400
2.3764e-05 25600
2.1645e-05 25600
0.000742832 1638400
0.00075664 1638400
0.000732251 1638400
1.4431e-05 256
1.1732e-05 256
1.0966e-05 256
0.000746749 1638400
0.000739579 1638400
0.000736372 1638400
0.000743668 1638400
0.000797442 1638400
0.000743894 1638400
0.000982244 1638400
8.4867e-05 147456
0.00075726 1638400
0.000732142 1638400
0.000739085 1638400
0.000734359 1638400
0.00075281 1638400
1.4108e-05 256
1.1847e-05 256
1.0552e-05 256
0.000739266 1638400
0.000739091 1638400
0.00076699 1638400
0.00074375 1638400
0.00076862 1638400
0.000729766 1638400
0.000987519 1638400
8.5191e-05 147456
0.000727244 1638400
0.000736068 1638400
0.000733138 1638400
0.000741778 1638400
0.000735323 1638400
0.000778689 1638400
0.000750037 1638400
0.000722885 1638400
1.4421e-05 256
1.152e-05 256
1.0502e-05 256
0.000742839 1638400
0.000737147 1638400
0.00073757 1638400
0.000777719 1638400
0.000764646 1638400
0.000737122 1638400
0.000983154 1638400
8.5954e-05 147456
0.000747372 1638400
0.000744621 1638400
0.000745002 1638400
0.000735699 1638400
0.000738658 1638400
1.3892e-05 256
1.2004e-05 256
1.066e-05 256
0.000727118 1638400
3.031e-06 3276800
0.000738547 1638400
0.000728008 1638400
0.000794667 1638400
0.000738979 1638400
0.000986248 1638400
0.000101709 147456
3.094e-06 3276800
0.000746918 1638400
3.607e-06 3276800
0.000754131 1638400
0.000740834 1638400
0.000781557 1638400
0.000745436 1638400
0.000741235 1638400
1.4596e-05 256
1.1852e-05 256
1.0387e-05 256
0.00076235 1638400
0.000786866 1638400
3.303e-06 3276800
1.2879e-05 3276800
2.296e-06 3276800
0.000744022 1638400
2.668e-06 3276800
0.000308234 147456
0.000757038 1638400
0.000731234 1638400
0.000729396 1638400
0.000730811 1638400
3.319e-06 3276800
1.56e-05 256
1.1859e-05 256
1.0668e-05 256
2.674e-06 3276800
0.000748561 1638400
0.000729776 1638400
0.000766457 1638400
0.000765257 1638400
0.000996966 3276800
0.000940072 1638400
4.671e-05 73728
0.000740521 1638400
1.4689e-05 256
1.1457e-05 256
1.0409e-05 256
0.00073915 1638400
0.000761535 1638400
3.298e-06 3276800
2.511e-06 3276800
2.257e-06 3276800
0.00101755 3276800
2.688e-06 3276800
0.000149726 8192
0.000735073 1638400
0.000985962 3276800
0.000732043 1638400
0.00135448 3276800
0.000736418 1638400
0.00104034 3276800
0.00134053 3276800
0.000984053 3276800
2.6007e-05 128
1.1989e-05 128
1.0902e-05 128
0.00130798 3276800
0.000977927 3276800
0.000826313 3276800
0.000972207 3276800
0.00108143 3276800
0.00127857 3276800
0.001295 3276800
3.0426e-05 36864
0.0013095 3276800
0.000980538 3276800
0.00130914 3276800
0.000984616 3276800
0.000965498 3276800
2.5551e-05 128
1.1437e-05 128
1.0696e-05 128
0.00132432 3276800
0.000983854 3276800
0.00130106 3276800
0.000985305 3276800
0.00134052 3276800
0.000985882 3276800
0.00100913 3276800
2.6563e-05 36864
0.00127534 3276800
0.000753707 1638400
0.00130339 3276800
0.000774414 1638400
0.000967363 3276800
0.000813127 1638400
0.000753187 1638400
0.000754115 1638400
2.5918e-05 128
1.147e-05 128
1.0751e-05 128
0.00072517 1638400
0.000874081 3276800
0.000959336 3276800
0.000994902 3276800
0.00136084 3276800
0.000986519 3276800
0.00163746 3276800
3.0542e-05 36864
0.000979179 3276800
0.00132245 3276800
0.0010144 3276800
0.00093312 3276800
0.00126995 3276800
2.7042e-05 128
1.1702e-05 128
1.0878e-05 128
0.000986578 3276800
0.00131047 3276800
0.00101168 3276800
0.00130678 3276800
0.00105284 3276800
0.000859463 3276800
0.00127466 3276800
2.9686e-05 36864
0.000984009 3276800
0.00134428 3276800
0.000971924 3276800
0.0013405 3276800
0.000736536 1638400
0.00102189 3276800
0.00129693 3276800
0.000983291 3276800
2.6419e-05 128
1.168e-05 128
1.0989e-05 128
0.00132169 3276800
0.00101274 3276800
0.0009209 3276800
0.00130497 3276800
0.00105919 3276800
0.00130618 3276800
0.00128991 3276800
2.1894e-05 36864
0.00133147 3276800
0.000993555 3276800
0.000836016 3276800
0.000960138 3276800
0.000989131 3276800
2.7604e-05 128
1.1388e-05 128
1.0433e-05 128
0.00132367 3276800
0.000987868 3276800
0.00130278 3276800
0.00100794 3276800
0.00138054 3276800
0.0014348 6553600
0.00159503 3276800
1.6967e-05 18432
0.000990955 3276800
2.6169e-05 128
1.1311e-05 128
1.0657e-05 128
0.00134992 3276800
3.307e-06 6553600
0.000974458 3276800
0.000844187 3276800
0.00103613 3276800
0.00184933 6553600
0.0010756 3276800
1.3264e-05 2048
0.00133566 3276800
0.00105174 3276800
0.00131346 3276800
0.0010807 3276800
0.000937808 3276800
0.0014263 3276800
0.00100171 3276800
0.00135226 3276800
4.4816e-05 64
1.1698e-05 64
1.069e-05 64
0.00099443 3276800
0.00181492 6553600
0.000837552 3276800
0.000968907 3276800
0.00126633 3276800
0.00181953 6553600
0.00201508 3276800
1.6749e-05 9216
0.00181723 6553600
0.00145573 6553600
0.00176983 6553600
0.00182346 6553600
0.00130758 3276800
4.4077e-05 64
1.1973e-05 64
2.1603e-05 64
0.000985303 3276800
0.00176739 6553600
0.0018339 6553600
0.00185377 6553600
0.00208387 6553600
0.00140978 6553600
0.0024975 6553600
1.625e-05 9216
0.00182775 6553600
0.00141081 3276800
0.00140696 6553600
0.00109009 3276800
0.000992508 3276800
0.00147674 3276800
0.00100447 3276800
0.00133423 3276800
4.5933e-05 64
1.1597e-05 64
1.093e-05 64
0.000974567 3276800
0.00180742 6553600
0.00184163 6553600
0.00181085 6553600
0.00209304 6553600
0.00137467 6553600
0.00211815 6553600
1.623e-05 9216
0.000720389 1638400
0.00146984 6553600
0.000731289 1638400
0.00179604 6553600
0.00140929 6553600
4.5624e-05 64
1.2004e-05 64
1.0696e-05 64
0.00184579 6553600
0.00180059 6553600
0.000769357 1638400
0.000734742 1638400
0.00100219 1638400
0.0018064 6553600
0.00145249 1638400
1.6568e-05 9216
0.00183968 6553600
0.00185141 6553600
0.00177943 6553600
0.00154254 6553600
0.00131824 3276800
0.00194215 6553600
0.00180056 6553600
0.00136448 6553600
4.3485e-05 64
1.1304e-05 64
1.0101e-05 64
0.00143271 6553600
0.00180139 6553600
0.00129681 3276800
0.000980816 3276800
0.00155182 3276800
0.00142864 6553600
0.00192056 3276800
1.5648e-05 9216
0.000722214 1638400
0.00181233 6553600
0.000736679 1638400
0.0018095 6553600
0.000830203 3276800
4.4075e-05 64
1.1754e-05 64
1.0287e-05 64
0.0009711 3276800
0.00182651 6553600
0.000745713 1638400
0.000745788 1638400
0.000976925 1638400
0.00179115 6553600
0.0013394 1638400
1.6213e-05 9216
0.000986268 3276800
0.000790583 1638400
0.00130683 3276800
0.000847022 1638400
0.00180945 6553600
0.000826111 1638400
0.00188076 6553600
0.000737893 1638400
0.00182693 6553600
0.000970161 3276800
4.4234e-05 64
1.1236e-05 64
1.2807e-05 64
0.00131652 3276800
0.00180566 6553600
0.000738392 1638400
0.000731556 1638400
0.000950768 1638400
0.000615927 1228800
0.00119886 1638400
1.2639e-05 1728
0.0006007 1228800
1.4756e-05 400
1.3324e-05 1728
2.182e-06 4000
1.949e-06 2048
1.1392e-05 1728
2.33e-06 4000
1.0956e-05 64
2.014e-06 400
1.0109e-05 64
9.966e-06 64
2.003e-06 400
1.145e-05 64
1.0101e-05 64
9.383e-06 64
9.601e-06 64
9.799e-06 64
1.1053e-05 64
9.973e-06 64
9.739e-06 64
9.89e-06 64
9.874e-06 64
1.3369e-05 9216
1.2436e-05 9216
1.4869e-05 9216
1.392e-05 9216
1.3657e-05 9216
1.1217e-05 64
9.738e-06 64
9.46e-06 64
9.608e-06 64
1.0053e-05 64
1.0842e-05 64
9.584e-06 64
9.498e-06 64
9.464e-06 64
9.472e-06 64
1.0602e-05 64
9.611e-06 64
9.502e-06 64
9.31e-06 64
9.403e-06 64
1.3466e-05 9216
1.2327e-05 9216
1.1622e-05 9216
1.4159e-05 9216
1.3607e-05 9216
1.1127e-05 64
9.775e-06 64
9.468e-06 64
9.825e-06 64
9.741e-06 64
1.0965e-05 64
1.0338e-05 64
9.948e-06 64
9.519e-06 64
9.34e-06 64
1.0954e-05 64
9.812e-06 64
9.542e-06 64
9.66e-06 64
1.0602e-05 64
1.3277e-05 9216
1.2489e-05 9216
1.352e-05 9216
1.3708e-05 9216
1.4177e-05 9216
1.0831e-05 64
9.68e-06 64
9.721e-06 64
9.632e-06 64
9.432e-06 64
1.1077e-05 64
9.82e-06 64
9.502e-06 64
9.409e-06 64
9.474e-06 64
1.0749e-05 64
9.581e-06 64
9.645e-06 64
9.397e-06 64
9.457e-06 64
1.3509e-05 9216
1.2401e-05 9216
1.3147e-05 9216
1.366e-05 9216
1.4085e-05 9216
1.1362e-05 64
9.979e-06 64
9.651e-06 64
9.516e-06 64
9.83e-06 64
1.1596e-05 64
9.717e-06 64
9.307e-06 64
9.212e-06 64
9.583e-06 64
1.0845e-05 64
9.875e-06 64
9.876e-06 64
9.381e-06 64
9.583e-06 64
1.3524e-05 9216
1.2386e-05 9216
1.3594e-05 9216
1.3784e-05 9216
1.2505e-05 9216
1.1247e-05 64
9.544e-06 64
9.644e-06 64
9.45e-06 64
9.568e-06 64
1.0856e-05 64
9.537e-06 64
9.477e-06 64
9.479e-06 64
9.513e-06 64
1.0754e-05 64
9.496e-06 64
9.498e-06 64
9.445e-06 64
9.591e-06 64
1.3371e-05 9216
1.2764e-05 9216
1.3331e-05 8192
1.3801e-05 9216
1.3554e-05 9216
1.0851e-05 64
1.0477e-05 64
1.971e-06 128
9.566e-06 64
9.675e-06 64
1.0961e-05 64
9.772e-06 64
9.382e-06 64
9.637e-06 64
9.402e-06 64
1.084e-05 64
9.612e-06 64
9.651e-06 64
9.495e-06 64
9.409e-06 64
1.1583e-05 2048
1.0643e-05 2048
1.899e-06 4000
1.022e-05 2048
1.0255e-05 2048
1.0913e-05 128
9.696e-06 128
9.565e-06 128
9.499e-06 128
9.885e-06 128
1.1547e-05 128
9.927e-06 128
9.851e-06 128
1.0015e-05 128
1.0042e-05 128
1.1626e-05 128
9.656e-06 128
9.465e-06 128
9.556e-06 128
9.495e-06 128
1.5523e-05 18432
1.7891e-05 18432
2.04e-06 36864
1.8609e-05 18432
1.8209e-05 18432
1.1481e-05 128
9.744e-06 128
9.482e-06 128
9.761e-06 128
9.57e-06 128
1.0938e-05 128
9.792e-06 128
9.81e-06 128
1.0006e-05 128
1.0137e-05 128
1.0977e-05 128
9.866e-06 128
9.889e-06 128
1.9973e-05 128
9.279e-06 128
2.7656e-05 36864
2.8223e-05 36864
2.6863e-05 36864
2.6025e-05 36864
2.8316e-05 36864
1.116e-05 128
9.946e-06 128
9.363e-06 128
9.964e-06 128
9.88e-06 128
1.0986e-05 128
9.806e-06 128
9.425e-06 128
9.97e-06 128
9.536e-06 128
1.0893e-05 128
9.791e-06 128
9.661e-06 128
9.389e-06 128
9.641e-06 128
2.7616e-05 36864
2.4996e-05 36864
2.6832e-05 36864
2.7044e-05 36864
2.5868e-05 36864
1.142e-05 128
9.848e-06 128
9.589e-06 128
9.741e-06 128
9.623e-06 128
1.103e-05 128
9.665e-06 128
9.781e-06 128
9.438e-06 128
9.452e-06 128
1.1118e-05 128
9.628e-06 128
9.707e-06 128
9.664e-06 128
9.537e-06 128
2.6637e-05 36864
2.6745e-05 36864
2.6419e-05 36864
2.9562e-05 36864
2.7945e-05 36864
1.0924e-05 128
9.719e-06 128
9.642e-06 128
9.601e-06 128
9.542e-06 128
1.1064e-05 128
9.927e-06 128
9.412e-06 128
9.463e-06 128
9.677e-06 128
1.0687e-05 128
9.752e-06 128
9.399e-06 128
9.559e-06 128
9.554e-06 128
2.5767e-05 36864
2.6199e-05 36864
2.7951e-05 36864
2.6974e-05 36864
2.5931e-05 36864
1.1707e-05 128
9.923e-06 128
9.489e-06 128
9.782e-06 128
9.578e-06 128
1.0787e-05 128
9.592e-06 128
9.716e-06 128
9.598e-06 128
9.946e-06 128
1.0818e-05 128
9.558e-06 128
9.528e-06 128
9.499e-06 128
9.527e-06 128
2.7121e-05 36864
2.7226e-05 36864
2.041e-05 25600
2.6523e-05 36864
2.7319e-05 36864
1.0977e-05 128
9.916e-06 128
2.24e-06 256
9.759e-06 128
9.66e-06 128
1.1249e-05 128
9.81e-06 128
9.628e-06 128
9.505e-06 128
9.849e-06 128
1.1158e-05 128
9.832e-06 128
9.455e-06 128
9.402e-06 128
9.478e-06 128
1.3499e-05 8192
1.2305e-05 8192
1.3467e-05 8192
1.3889e-05 8192
1.3538e-05 8192
1.1644e-05 256
9.56e-06 256
9.703e-06 256
9.681e-06 256
9.667e-06 256
1.0905e-05 256
9.745e-06 256
1.0105e-05 256
9.792e-06 256
9.966e-06 256
1.1446e-05 256
1.0073e-05 256
9.392e-06 256
9.506e-06 256
9.477e-06 256
5.6591e-05 73728
4.3841e-05 73728
2.066e-06 147456
4.5307e-05 73728
4.6394e-05 73728
1.1841e-05 256
9.999e-06 256
9.571e-06 256
9.945e-06 256
9.905e-06 256
1.0964e-05 256
9.647e-06 256
1.0056e-05 256
9.561e-06 256
9.698e-06 256
1.0822e-05 256
9.768e-06 256
9.418e-06 256
9.829e-06 256
9.696e-06 256
8.1846e-05 147456
2.348e-06 3276800
8.4065e-05 147456
8.2097e-05 147456
2.542e-06 3276800
1.1571e-05 256
9.976e-06 256
9.554e-06 256
9.89e-06 256
9.749e-06 256
1.1082e-05 256
9.703e-06 256
9.532e-06 256
9.539e-06 256
9.704e-06 256
1.1069e-05 256
9.69e-06 256
9.424e-06 256
9.883e-06 256
9.839e-06 256
8.1268e-05 147456
8.2681e-05 147456
7.9876e-05 147456
8.229e-05 147456
8.2227e-05 147456
1.1766e-05 256
9.705e-06 256
9.566e-06 256
1.0029e-05 256
9.568e-06 256
1.1121e-05 256
9.782e-06 256
9.664e-06 256
9.808e-06 256
9.536e-06 256
1.0898e-05 256
1.0204e-05 256
9.455e-06 256
9.586e-06 256
9.424e-06 256
8.4052e-05 147456
8.094e-05 147456
8.1519e-05 147456
8.2127e-05 147456
8.0557e-05 147456
1.1559e-05 256
9.943e-06 256
9.617e-06 256
9.623e-06 256
9.608e-06 256
1.0868e-05 256
9.736e-06 256
9.616e-06 256
9.556e-06 256
1.0113e-05 256
1.1094e-05 256
9.717e-06 256
9.605e-06 256
1.0055e-05 256
9.616e-06 256
8.2764e-05 147456
8.0556e-05 147456
8.3722e-05 147456
8.3268e-05 147456
8.3069e-05 147456
1.1397e-05 256
9.95e-06 256
9.23e-06 256
9.421e-06 256
9.884e-06 256
1.101e-05 256
9.569e-06 256
9.624e-06 256
9.428e-06 256
9.482e-06 256
1.118e-05 256
9.818e-06 256
9.635e-06 256
9.857e-06 256
9.528e-06 256
8.333e-05 147456
8.1868e-05 147456
8.3316e-05 147456
8.2441e-05 147456
8.2036e-05 147456
1.1467e-05 256
9.881e-06 256
1.942e-06 400
9.733e-06 256
9.595e-06 256
1.0878e-05 256
9.686e-06 256
9.415e-06 256
9.468e-06 256
9.606e-06 256
1.0977e-05 256
1.0216e-05 256
9.801e-06 256
9.61e-06 256
9.613e-06 256
1.1721e-05 2560
1.801e-06 4000
1.0395e-05 2560
1.0546e-05 2560
1.821e-06 4000
1.0629e-05 40
9.712e-06 40
9.62e-06 40
9.961e-06 40
9.616e-06 40
1.2496e-05 1728
1.0824e-05 64
1.0699e-05 64
9.936e-06 64
9.748e-06 64
1.0057e-05 64
1.2371e-05 9216
1.0536e-05 64
9.965e-06 64
9.936e-06 64
9.804e-06 64
1.0327e-05 64
1.2492e-05 9216
1.0913e-05 64
9.963e-06 64
9.734e-06 64
1.0046e-05 64
9.962e-06 64
1.251e-05 9216
1.0439e-05 64
1.0006e-05 64
9.616e-06 64
9.933e-06 64
9.97e-06 64
1.2497e-05 9216
1.0332e-05 64
9.926e-06 64
9.934e-06 64
9.826e-06 64
9.841e-06 64
1.2378e-05 9216
1.0284e-05 64
1.0178e-05 64
1.0335e-05 64
1.0287e-05 64
9.713e-06 64
1.2553e-05 9216
1.036e-05 64
1.0107e-05 64
9.932e-06 64
1.0296e-05 64
9.934e-06 64
1.0806e-05 2048
9.996e-06 128
2.1378e-05 128
1.0174e-05 128
1.0554e-05 128
1.0255e-05 128
1.9775e-05 18432
1.0765e-05 128
1.011e-05 128
1.0155e-05 128
9.74e-06 128
9.93e-06 128
2.396e-05 36864
1.153e-05 128
1.007e-05 128
1.0307e-05 128
9.985e-06 128
1.0035e-05 128
1.985e-05 36864
1.0939e-05 128
1.0008e-05 128
9.866e-06 128
9.994e-06 128
1.0058e-05 128
2.0192e-05 36864
1.0946e-05 128
9.802e-06 128
9.769e-06 128
9.952e-06 128
1.0302e-05 128
1.9657e-05 36864
1.1083e-05 128
9.903e-06 128
1.0199e-05 128
1.0349e-05 128
1.0273e-05 128
2.0121e-05 36864
1.0742e-05 128
1.0095e-05 128
9.956e-06 128
9.867e-06 128
9.956e-06 128
1.2078e-05 8192
1.06e-05 256
9.87e-06 256
1.0178e-05 256
9.75e-06 256
9.954e-06 256
4.4482e-05 73728
1.1007e-05 256
9.794e-06 256
9.797e-06 256
1.0198e-05 256
9.828e-06 256
7.0853e-05 147456
1.1446e-05 256
1.0467e-05 256
9.864e-06 256
1.0149e-05 256
1.036e-05 256
4.9546e-05 147456
1.1071e-05 256
1.0203e-05 256
1.0108e-05 256
1.0151e-05 256
1.0092e-05 256
4.8251e-05 147456
1.1123e-05 256
9.935e-06 256
1.0391e-05 256
9.859e-06 256
1.0034e-05 256
4.7984e-05 147456
1.1216e-05 256
1.0463e-05 256
9.824e-06 256
9.797e-06 256
1.0324e-05 256
4.8849e-05 147456
1.1071e-05 256
9.836e-06 256
9.933e-06 256
1.0324e-05 256
9.87e-06 256
1.0711e-05 2560
9.792e-06 40
