0.00058572 9600
0.00031506 1228800
0.000293378 128
0.00324655 13107200
0.00317673 13107200
3.279e-06 13107200
2.459e-06 13107200
0.00057357 3276800
0.00133468 3276800
0.00101946 3276800
5.7341e-05 102400
0.00130873 3276800
0.000859419 128
0.000974821 3276800
0.000840263 3276800
0.00098488 3276800
0.000995231 3276800
3.349e-06 3276800
2.59e-06 3276800
0.000201766 819200
5.9819e-05 204800
0.000422613 819200
0.000273281 256
0.000745229 1638400
0.000730256 1638400
0.000746487 1638400
0.000749576 1638400
2.417e-06 1638400
2.318e-06 1638400
2.184e-06 1638400
2.118e-05 40960
7.0691e-05 400
1.0989e-05 40
1.1567e-05 4000
1.1105e-05 4000
1.0477e-05 4000
1.0529e-05 400
1.058e-05 40
1.0772e-05 4000
1.0767e-05 4000
9.861e-06 40
9.998e-06 400
1.064e-05 4000
9.687e-06 40
1.0543e-05 4000
1.0271e-05 400
1.1419e-05 4000
1.0607e-05 400
1.1584e-05 4000
1.0849e-05 400
9.354e-06 4000
1.0715e-05 4000
1.1215e-05 400
1.4565e-05 4000
4.7178e-05 40960
2.208e-06 1638400
1.3209e-05 4000
0.000229442 409600
0.000221147 409600
0.000753405 1638400
0.000215551 409600
2.829e-06 1638400
0.000741068 1638400
0.000747635 1638400
0.000741347 1638400
0.000725542 1638400
0.000741858 1638400
0.000748925 1638400
0.000754765 1638400
0.000421197 819200
0.00114 1638400
0.00011774 204800
2.778e-06 1638400
2.652e-06 3276800
2.305e-06 1638400
0.00042081 819200
0.000414136 819200
0.00101331 3276800
0.000417426 819200
3.135e-06 3276800
0.00128737 3276800
0.00100369 3276800
0.00131522 3276800
0.00101328 3276800
0.000921617 3276800
0.00131494 3276800
0.0010639 3276800
0.0013069 3276800
0.00169375 3276800
6.2056e-05 102400
0.00137065 3276800
0.0009929 3276800
0.000918836 3276800
0.00131867 3276800
0.000993635 3276800
2.483e-06 13107200
0.000816044 3276800
2.721e-06 13107200
0.00132334 3276800
0.00286782 13107200
0.00128391 3276800
2.899e-06 13107200
0.00074226 1638400
0.000745365 1638400
0.00101713 1638400
0.000598027 1228800
0.00132952 1638400
1.7223e-05 9600
2.639e-06 3276800
1.5426e-05 400
1.6812e-05 9600
1.459e-05 9600
1.361e-05 9600
1.4699e-05 9600
1.3565e-05 9600
1.854e-06 400
1.045e-05 128
1.0239e-05 128
1.934e-06 400
6.2939e-05 102400
6.0895e-05 102400
2.042e-06 204800
6.2734e-05 102400
6.2867e-05 102400
1.0757e-05 128
1.724e-06 256
1.0357e-05 128
9.671e-06 128
0.000111587 204800
0.000111975 204800
0.000111089 204800
0.000112718 204800
0.000111518 204800
1.0558e-05 256
1.834e-06 400
1.0372e-05 256
1.0396e-05 256
3.0522e-05 40960
2.9999e-05 40960
3.0529e-05 40960
2.9752e-05 40960
3.0297e-05 40960
1.0346e-05 40
1.0036e-05 40
1.0065e-05 40
1.0093e-05 40
1.6663e-05 9600
1.1017e-05 128
6.0251e-05 102400
1.0978e-05 128
0.000108638 204800
1.1848e-05 256
2.0798e-05 40960
1.0969e-05 40
