0.000178775 6912
0.000312304 1228800
0.000298437 256
0.00413813 26214400
0.000167598 256
1.123e-05 256
0.0058076 26214400
0.0054458 26214400
0.00586191 26214400
0.00544008 26214400
0.00666955 26214400
0.00546901 26214400
0.000206279 147456
0.0057611 26214400
0.0016009 256
0.00545361 26214400
0.000168404 256
1.1466e-05 256
0.00576442 26214400
0.00546605 26214400
0.00585773 26214400
0.00544055 26214400
0.00582456 26214400
3.28e-06 26214400
0.000155791 294912
3.056e-06 26214400
0.000801073 512
0.00105762 6553600
8.1813e-05 512
1.122e-05 512
0.00105913 6553600
0.00205995 13107200
0.00320147 13107200
0.00274527 13107200
0.00401372 13107200
0.00307122 13107200
0.000216841 589824
0.00311763 13107200
0.00143071 512
0.00277258 13107200
8.182e-05 512
1.1883e-05 512
0.00312946 13107200
0.00306367 13107200
0.00320434 13107200
0.00275059 13107200
0.00317273 13107200
3.425e-06 13107200
0.000290843 1179648
2.979e-06 13107200
0.00143356 1024
0.000588585 3276800
4.5087e-05 1024
1.1705e-05 1024
0.000994963 3276800
0.00185636 6553600
0.00186692 6553600
0.00185222 6553600
0.00257716 6553600
0.0014328 6553600
0.0010026 2359296
0.00184406 6553600
0.00283671 1024
0.00180833 6553600
4.5102e-05 1024
1.1791e-05 1024
0.00181666 6553600
0.00180501 6553600
0.00184902 6553600
0.00180577 6553600
0.00221569 6553600
0.00177926 6553600
0.00101666 2359296
0.00180638 6553600
0.00280397 1024
0.00183315 6553600
4.4953e-05 1024
1.1927e-05 1024
0.00180293 6553600
0.00180689 6553600
0.00185157 6553600
0.00143549 6553600
0.00180471 6553600
0.000738085 1638400
0.00113496 4718592
0.000734871 1638400
0.00327095 2048
0.00100809 3276800
1.7428e-05 2048
1.1604e-05 2048
0.000992046 3276800
0.00130805 3276800
0.00100137 3276800
0.00128791 3276800
0.00172357 3276800
0.00134387 3276800
0.00219357 9437184
0.000813087 3276800
0.0056875 2048
0.000981393 3276800
1.7234e-05 2048
1.1795e-05 2048
0.000996001 3276800
0.00130983 3276800
0.000989368 3276800
0.0013273 3276800
0.00171863 3276800
0.00132864 3276800
0.00213769 9437184
0.000829143 3276800
0.00561981 2048
0.000980271 3276800
1.6699e-05 2048
1.1339e-05 2048
0.00101591 3276800
0.0012921 3276800
0.00100703 3276800
0.00132824 3276800
0.00100365 3276800
3.39e-06 3276800
0.0021838 9437184
3.706e-06 3276800
0.00290778 2048
0.000414742 819200
1.2727e-05 2048
1.1429e-05 2048
0.000422312 819200
0.000420838 819200
0.000436543 819200
0.000442029 819200
0.00113976 819200
0.000419816 819200
0.00217959 9437184
0.000414619 819200
0.00294618 2048
0.000409295 819200
1.2549e-05 2048
1.1547e-05 2048
0.000422613 819200
0.000450798 819200
0.000426315 819200
0.00043388 819200
0.00113241 819200
0.00041909 819200
0.00249667 9437184
0.000435 819200
0.00295322 2048
0.000445826 819200
1.2147e-05 2048
1.1523e-05 2048
0.000423597 819200
0.000418835 819200
0.000424319 819200
0.000419355 819200
0.00045145 819200
2.457e-06 819200
2.359e-06 819200
2.537e-06 819200
5.7449e-05 204800
5.5048e-05 204800
0.000544852 1048576
2.9673e-05 400
1.1735e-05 2048
5.6495e-05 204800
1.0936e-05 2048
1.12e-05 2048
5.4116e-05 204800
0.000115163 204800
0.000114662 204800
0.000127178 204800
0.000798987 204800
0.000114088 204800
0.000113118 204800
1.5734e-05 20480
2.9083e-05 400
1.0402e-05 40
1.177e-05 4000
1.0989e-05 4000
1.0375e-05 4000
1.0486e-05 400
1.0733e-05 40
1.0388e-05 4000
1.0767e-05 4000
1.0688e-05 40
9.796e-06 400
1.0596e-05 4000
9.688e-06 40
1.0924e-05 4000
1.0453e-05 400
1.1205e-05 4000
1.0563e-05 400
1.1509e-05 4000
1.0774e-05 400
8.658e-06 4000
1.0474e-05 4000
1.0614e-05 400
1.1047e-05 4000
1.5725e-05 20480
0.000127707 204800
1.174e-05 4000
0.000113857 204800
0.000115059 204800
0.000115002 204800
0.000115968 204800
0.000117266 204800
0.000114159 204800
0.000112291 204800
1.092e-05 2048
1.105e-05 2048
1.0446e-05 2048
0.00011646 204800
0.000114784 204800
0.000113563 204800
0.000112434 204800
1.1818e-05 400
0.00011158 204800
0.000559657 1048576
0.000116358 204800
0.000112381 204800
0.000116688 204800
0.000126159 204800
0.000114015 204800
0.000115914 204800
0.000426567 819200
0.000113751 204800
3.105e-06 819200
3.426e-06 1048576
0.00043691 819200
2.992e-06 1048576
0.000420043 819200
0.000116726 204800
1.4024e-05 2048
1.1783e-05 2048
1.0927e-05 2048
0.000124406 204800
0.000426676 819200
3.313e-06 1048576
2.63e-06 1048576
2.488e-06 1048576
0.000538039 819200
2.773e-06 1048576
0.00316297 9437184
0.000423131 819200
0.000421182 819200
0.000421941 819200
0.000420895 819200
0.000421445 819200
0.000420193 819200
0.000424012 819200
1.3791e-05 2048
1.158e-05 2048
1.0875e-05 2048
0.000418744 819200
0.000452508 819200
0.000423202 819200
0.00045072 819200
0.000540813 819200
0.000419893 819200
0.0014555 819200
0.00221287 9437184
0.000415713 819200
0.000420848 819200
0.000423526 819200
0.00043208 819200
0.000413663 819200
0.000420316 819200
0.000431127 819200
1.3781e-05 2048
1.1452e-05 2048
1.0539e-05 2048
0.000450503 819200
0.000412236 819200
0.000421606 819200
0.000475449 819200
0.000542955 819200
3.055e-06 3276800
0.00148531 819200
0.0021963 9437184
0.00042171 819200
0.00100473 3276800
0.000427613 819200
2.935e-06 3276800
3.571e-06 9437184
0.000982952 3276800
3.234e-06 9437184
0.0010099 3276800
0.000971598 3276800
2.6602e-05 2048
1.1762e-05 2048
1.0944e-05 2048
0.00135677 3276800
0.00101686 3276800
0.00137611 3276800
0.00104657 3276800
0.00143136 3276800
0.000987489 3276800
0.0031698 3276800
0.00216932 9437184
0.000921934 3276800
0.0013779 3276800
0.00100629 3276800
0.00136633 3276800
0.000987975 3276800
0.00134166 3276800
0.00101639 3276800
2.749e-05 2048
1.1732e-05 2048
1.0849e-05 2048
0.000844059 3276800
0.000976356 3276800
0.00102434 3276800
0.00135877 3276800
0.00111568 3276800
0.00128228 3276800
0.00341561 3276800
0.00248411 9437184
0.000986935 3276800
0.000841656 3276800
0.000994917 3276800
0.00101222 3276800
0.00141683 3276800
0.00101865 3276800
0.00131 3276800
2.5674e-05 2048
1.1689e-05 2048
1.0774e-05 2048
0.00101494 3276800
0.001315 3276800
0.00100627 3276800
0.000968644 3276800
0.00148321 3276800
0.000751727 1638400
0.00194203 3276800
0.00114251 4718592
0.000420663 819200
0.00182863 6553600
0.000412452 819200
0.000735287 1638400
0.000990301 3276800
0.00185234 6553600
0.00100833 3276800
0.00180279 6553600
0.00183756 6553600
4.3947e-05 1024
1.1766e-05 1024
1.1233e-05 1024
0.00181092 6553600
0.00182477 6553600
0.0018062 6553600
0.00180423 6553600
0.00151728 6553600
0.00176596 6553600
0.0041407 6553600
0.000991921 2359296
0.00184163 6553600
0.00187626 6553600
0.00102042 3276800
0.00186404 6553600
0.00134202 3276800
0.00140456 6553600
0.00130655 3276800
4.4389e-05 1024
1.1753e-05 1024
1.0608e-05 1024
0.00100452 3276800
0.00184211 6553600
0.0017898 6553600
0.00180681 6553600
0.00192008 6553600
0.00183443 6553600
0.00411734 6553600
0.000617509 2359296
0.00181702 6553600
0.00186936 6553600
0.00177164 6553600
0.00185104 6553600
0.00184709 6553600
0.00182948 6553600
0.000972785 3276800
4.4264e-05 1024
1.1681e-05 1024
1.1032e-05 1024
0.00135668 3276800
0.000990096 3276800
0.00183616 6553600
0.00178734 6553600
0.00190606 6553600
3.604e-06 13107200
0.00302913 6553600
0.000570515 1179648
0.000988552 3276800
0.00318754 13107200
0.00101189 3276800
3.256e-06 13107200
0.000840445 3276800
0.00280844 13107200
0.00129868 3276800
0.00270052 13107200
0.00313889 13107200
9.0774e-05 512
1.1459e-05 512
1.0767e-05 512
0.00316321 13107200
0.00317767 13107200
0.00272746 13107200
0.00319589 13107200
0.00325953 13107200
0.00314499 13107200
0.00506044 13107200
0.000304522 589824
0.0031576 13107200
0.00326321 13107200
0.00181737 6553600
0.00284585 13107200
0.0017999 6553600
0.00313762 13107200
0.000721138 1638400
8.992e-05 512
1.1745e-05 512
1.053e-05 512
0.000743725 1638400
0.00180186 6553600
0.00311415 13107200
0.00309652 13107200
0.00270884 13107200
3.375e-06 26214400
0.00455476 13107200
0.000157052 294912
0.00100373 3276800
0.00598531 26214400
0.00100454 3276800
3.441e-06 26214400
0.000759736 1638400
0.00565089 26214400
0.000732509 1638400
0.00568481 26214400
0.00544126 26214400
0.000173114 256
1.103e-05 256
1.0232e-05 256
0.0058476 26214400
0.00546365 26214400
0.00574607 26214400
0.00562029 26214400
0.00610164 26214400
0.00543439 26214400
0.00892438 26214400
9.1297e-05 147456
0.00544909 26214400
0.00598459 26214400
0.000724325 1638400
0.0059207 26214400
0.000738648 1638400
0.00541284 26214400
0.00567316 26214400
0.000175895 256
1.1448e-05 256
1.0304e-05 256
0.00550504 26214400
0.00579609 26214400
0.00545018 26214400
0.00573066 26214400
0.00573832 26214400
0.000596401 1228800
0.00613821 26214400
1.373e-05 6912
0.000409945 819200
1.5137e-05 400
1.5305e-05 6912
1.2434e-05 6912
1.1373e-05 6912
2.0975e-05 6912
1.1043e-05 6912
1.0975e-05 256
1.953e-06 400
9.695e-06 256
9.867e-06 256
2.143e-06 400
1.0605e-05 256
9.568e-06 256
9.158e-06 256
9.381e-06 256
9.643e-06 256
1.0716e-05 256
1.0133e-05 256
9.33e-06 256
9.647e-06 256
1.0274e-05 256
8.4285e-05 147456
2.432e-06 819200
8.4478e-05 147456
8.3924e-05 147456
2.521e-06 819200
1.0815e-05 256
9.712e-06 256
1.795e-06 512
9.476e-06 256
1.0103e-05 256
1.0699e-05 256
1.0006e-05 256
9.23e-06 256
9.464e-06 256
1.4538e-05 256
1.0795e-05 256
9.855e-06 256
9.259e-06 256
9.156e-06 256
1.0019e-05 256
0.000158304 294912
0.000155572 294912
0.000152868 294912
0.000154982 294912
0.000156583 294912
1.0818e-05 512
1.0056e-05 512
9.462e-06 512
9.701e-06 512
9.869e-06 512
1.0756e-05 512
9.878e-06 512
9.486e-06 512
9.389e-06 512
9.877e-06 512
1.0365e-05 512
9.933e-06 512
9.277e-06 512
9.652e-06 512
9.912e-06 512
0.000300788 589824
2.458e-06 819200
2.04e-06 819200
0.000315619 589824
3.075e-06 819200
1.1742e-05 512
1.0151e-05 512
1.92e-06 1024
1.0017e-05 512
9.764e-06 512
1.087e-05 512
9.684e-06 512
9.439e-06 512
9.6e-06 512
1.001e-05 512
1.0621e-05 512
9.721e-06 512
9.494e-06 512
9.781e-06 512
9.868e-06 512
0.000568176 1179648
0.000114615 204800
2.371e-06 1638400
0.000583142 1179648
0.000110961 204800
1.1534e-05 1024
1.0089e-05 1024
9.666e-06 1024
9.85e-06 1024
1.0136e-05 1024
1.0913e-05 1024
1.0282e-05 1024
9.353e-06 1024
1.0073e-05 1024
1.0099e-05 1024
1.0704e-05 1024
1.0117e-05 1024
9.803e-06 1024
9.702e-06 1024
1.027e-05 1024
0.000989242 2359296
2.44e-06 3276800
0.000448371 819200
0.00101744 2359296
3.521e-06 3276800
3.213e-05 1024
1.0349e-05 1024
9.416e-06 1024
9.783e-06 1024
1.0048e-05 1024
1.08e-05 1024
1.0065e-05 1024
9.32e-06 1024
9.834e-06 1024
9.797e-06 1024
1.0575e-05 1024
9.817e-06 1024
1.011e-05 1024
9.877e-06 1024
1.0004e-05 1024
0.000619042 2359296
2.489e-06 3276800
0.000438161 819200
0.00102781 2359296
3.41e-06 3276800
3.1541e-05 1024
1.0236e-05 1024
9.552e-06 400
1.0043e-05 1024
1.0373e-05 1024
1.089e-05 1024
9.883e-06 1024
9.79e-06 1024
9.817e-06 1024
1.0413e-05 1024
1.0526e-05 1024
9.921e-06 1024
9.89e-06 1024
9.955e-06 1024
1.0027e-05 1024
0.0010914 4718592
0.00133903 3276800
0.00102637 3276800
0.00154837 4718592
0.000828144 3276800
8.0086e-05 2048
2.094e-06 4000
1.0545e-05 2048
1.0201e-05 2048
2.329e-06 4000
1.1164e-05 2048
1.0118e-05 2048
1.0026e-05 2048
9.779e-06 2048
1.0063e-05 2048
1.1396e-05 2048
1.837e-06 4000
1.0608e-05 2048
9.847e-06 2048
2.101e-06 4000
0.0021385 9437184
0.0019364 6553600
0.00223491 9437184
0.00267854 9437184
0.00179397 6553600
0.000174478 2048
1.0489e-05 2048
1.0298e-05 2048
9.979e-06 2048
1.0596e-05 2048
1.113e-05 2048
1.0122e-05 2048
1.0383e-05 2048
1.0035e-05 2048
1.0255e-05 2048
1.1263e-05 2048
1.0003e-05 2048
1.0013e-05 2048
1.0007e-05 2048
1.0055e-05 2048
0.00213002 9437184
0.00259072 9437184
0.00224733 9437184
0.0026484 9437184
0.00216756 9437184
0.000173393 2048
1.1056e-05 2048
1.0195e-05 2048
1.0043e-05 2048
1.0514e-05 2048
1.148e-05 2048
9.947e-06 2048
1.0024e-05 2048
1.0062e-05 2048
1.0535e-05 2048
1.0828e-05 2048
9.931e-06 2048
1.0028e-05 2048
1.0256e-05 2048
1.0228e-05 2048
0.00249469 9437184
0.000843072 1638400
0.00225749 9437184
0.00262836 9437184
0.000728886 1638400
0.000168719 2048
1.0443e-05 2048
1.006e-05 2048
9.995e-06 2048
1.0199e-05 2048
1.1417e-05 2048
9.911e-06 2048
1.7232e-05 2048
1.0254e-05 2048
1.0691e-05 2048
1.1587e-05 2048
9.901e-06 2048
1.0203e-05 2048
9.989e-06 2048
1.0161e-05 2048
0.00248529 9437184
0.00227283 9437184
0.00259655 9437184
0.00232412 9437184
0.00243895 9437184
0.000169041 2048
1.0981e-05 2048
1.0288e-05 2048
1.0038e-05 2048
1.0352e-05 2048
1.0906e-05 2048
1.0059e-05 2048
9.984e-06 2048
1.0014e-05 2048
1.0162e-05 2048
1.1644e-05 2048
1.0056e-05 2048
1.0021e-05 2048
9.896e-06 2048
9.861e-06 2048
0.00216514 9437184
0.00255163 9437184
0.00229884 9437184
0.00266126 9437184
0.0021634 9437184
0.00016799 2048
1.0773e-05 2048
1.0399e-05 2048
9.906e-06 2048
1.0614e-05 2048
1.1257e-05 2048
1.0033e-05 2048
1.0324e-05 2048
1.0047e-05 2048
9.985e-06 2048
1.1072e-05 2048
9.997e-06 2048
9.819e-06 2048
1.0061e-05 2048
9.987e-06 2048
0.000527369 1048576
0.000418867 819200
0.000530598 1048576
0.000532427 1048576
0.000412443 819200
1.2481e-05 2048
1.0721e-05 2048
2.019e-06 4000
9.769e-06 2048
1.0277e-05 2048
1.1215e-05 2048
1.0586e-05 2048
9.957e-06 2048
9.622e-06 2048
1.0471e-05 2048
1.1233e-05 2048
9.946e-06 2048
9.992e-06 2048
9.814e-06 2048
1.0426e-05 2048
1.8352e-05 20480
1.7246e-05 20480
1.7702e-05 20480
1.754e-05 20480
1.7683e-05 20480
1.1003e-05 40
1.0118e-05 40
9.234e-06 40
9.368e-06 40
9.701e-06 40
1.6105e-05 6912
1.0967e-05 256
1.0652e-05 256
9.719e-06 256
9.861e-06 256
1.0313e-05 256
8.2852e-05 147456
1.0993e-05 256
1.0208e-05 256
1.0187e-05 256
1.0356e-05 256
9.939e-06 256
0.000143203 294912
1.1672e-05 512
9.899e-06 512
1.0183e-05 512
1.0005e-05 512
9.837e-06 512
0.00028228 589824
1.2261e-05 512
1.0206e-05 512
1.0006e-05 512
1.0207e-05 512
1.0226e-05 512
0.000481325 1179648
1.2461e-05 1024
1.0306e-05 1024
1.0093e-05 1024
1.0075e-05 1024
1.0395e-05 1024
0.000779346 2359296
1.7681e-05 1024
1.0446e-05 1024
1.0056e-05 1024
1.0298e-05 1024
1.012e-05 1024
0.000473328 2359296
1.8667e-05 1024
1.1187e-05 1024
1.0289e-05 1024
9.967e-06 1024
9.962e-06 1024
0.00122905 4718592
3.5172e-05 2048
1.0825e-05 2048
1.0723e-05 2048
1.0257e-05 2048
1.0542e-05 2048
0.0023937 9437184
3.2679e-05 2048
1.0937e-05 2048
1.0337e-05 2048
1.0575e-05 2048
1.0309e-05 2048
0.00155697 9437184
2.9941e-05 2048
1.0703e-05 2048
1.0258e-05 2048
1.0173e-05 2048
1.0654e-05 2048
0.00152553 9437184
3.2109e-05 2048
1.0602e-05 2048
1.0549e-05 2048
1.0184e-05 2048
1.0957e-05 2048
0.00151815 9437184
3.1407e-05 2048
1.1228e-05 2048
1.074e-05 2048
1.0207e-05 2048
1.0409e-05 2048
0.00152613 9437184
3.1928e-05 2048
1.1126e-05 2048
1.0353e-05 2048
1.073e-05 2048
1.0309e-05 2048
0.000261314 1048576
1.169e-05 2048
1.035e-05 2048
1.0627e-05 2048
1.0495e-05 2048
1.0334e-05 2048
1.6237e-05 20480
1.08e-05 40
