4.8018e-05 1728
0.000314509 1228800
0.000162253 64
0.00187261 6553600
4.5689e-05 64
1.1645e-05 64
0.00186054 6553600
0.00183756 6553600
0.00188629 6553600
0.00178935 6553600
0.00185636 6553600
0.00148119 6553600
4.7186e-05 9216
0.00185774 6553600
0.000489708 64
0.00182787 6553600
4.4461e-05 64
1.1982e-05 64
0.00185537 6553600
0.00182545 6553600
0.00191353 6553600
0.00177996 6553600
4.6715e-05 9216
0.00184914 6553600
0.000489856 64
0.00145621 6553600
3.8857e-05 64
1.1837e-05 64
0.00186772 6553600
0.00181843 6553600
0.00189211 6553600
0.00183756 6553600
0.00195554 6553600
0.00177696 6553600
0.00196666 6553600
0.00147336 6553600
0.00183837 6553600
4.7231e-05 9216
0.00180477 6553600
0.000489831 64
0.00183164 6553600
4.5105e-05 64
1.2141e-05 64
0.00183771 6553600
0.00183832 6553600
0.00188616 6553600
0.00180997 6553600
4.6639e-05 9216
0.00149325 6553600
0.000490573 64
0.00182368 6553600
4.5333e-05 64
1.1937e-05 64
0.00180966 6553600
0.00183088 6553600
0.00191798 6553600
0.00186668 6553600
0.00187885 6553600
0.00183243 6553600
0.001544 6553600
0.00185317 6553600
0.00180144 6553600
4.7771e-05 9216
0.00184454 6553600
0.000489879 64
0.00184734 6553600
4.5979e-05 64
1.7396e-05 64
0.00186587 6553600
0.00183078 6553600
0.00188039 6553600
0.00146857 6553600
4.8088e-05 9216
0.00184938 6553600
0.000490307 64
0.00184192 6553600
4.3031e-05 64
1.1529e-05 64
0.00183875 6553600
0.00181819 6553600
0.00195239 6553600
0.00176951 6553600
0.00195237 6553600
0.00144557 6553600
0.00190814 6553600
0.00185586 6553600
0.00180442 6553600
2.697e-05 2048
0.00183641 6553600
5.9603e-05 128
8.865e-06 6553600
1.8214e-05 128
1.1384e-05 128
7.617e-06 6553600
0.00104524 3276800
3.0917e-05 18432
0.00186009 6553600
0.000154554 128
0.000963823 3276800
2.5266e-05 128
1.1969e-05 128
0.00127773 3276800
0.000987496 3276800
0.00135393 3276800
0.000993702 3276800
3.5325e-05 36864
0.00130142 3276800
0.000145514 128
0.000991261 3276800
1.8708e-05 128
1.2064e-05 128
0.000970915 3276800
0.00098762 3276800
0.00100549 3276800
0.001335 3276800
0.00102899 3276800
0.0013287 3276800
0.00104995 3276800
0.0013179 3276800
0.000992478 3276800
3.5394e-05 36864
0.000957309 3276800
0.000126635 128
0.00128846 3276800
1.631e-05 128
1.1441e-05 128
0.00100336 3276800
0.00133966 3276800
0.00100395 3276800
0.00135209 3276800
3.4088e-05 36864
0.00100879 3276800
0.000126725 128
0.000965139 3276800
1.6031e-05 128
1.1624e-05 128
0.000985574 3276800
0.000979466 3276800
0.00137058 3276800
0.000993079 3276800
0.00134648 3276800
0.00099665 3276800
0.00137619 3276800
0.00101405 3276800
0.000962963 3276800
3.4405e-05 36864
0.00133203 3276800
0.000129343 128
0.000997604 3276800
1.7206e-05 128
1.1461e-05 128
0.00139212 3276800
0.00102255 3276800
0.00132787 3276800
0.000995862 3276800
3.4845e-05 36864
0.000974096 3276800
0.000127998 128
0.000987413 3276800
1.6469e-05 128
1.1464e-05 128
0.000999168 3276800
0.0013264 3276800
0.00102872 3276800
0.00133147 3276800
0.00102136 3276800
0.0013512 3276800
0.00106386 3276800
0.000977268 3276800
0.00136752 3276800
1.529e-05 8192
0.00101531 3276800
3.1121e-05 256
0.000745677 1638400
1.2587e-05 256
1.1454e-05 256
0.000787764 1638400
8.505e-06 3276800
3.0413e-05 73728
0.0013382 3276800
0.000104515 256
0.000772606 1638400
1.3198e-05 256
1.1352e-05 256
0.000752031 1638400
0.000765893 1638400
0.000751841 1638400
0.000783614 1638400
9.2395e-05 147456
0.000731587 1638400
0.000176621 256
0.000744794 1638400
1.2832e-05 256
1.1369e-05 256
0.000774674 1638400
0.000790776 1638400
0.000741515 1638400
0.000773474 1638400
0.000796719 1638400
6.473e-06 3276800
0.000742026 1638400
0.000787782 1638400
0.000769579 1638400
9.2415e-05 147456
0.000757072 1638400
0.000184103 256
8.886e-06 3276800
1.3161e-05 256
1.1024e-05 256
7.552e-06 3276800
0.000770898 1638400
0.000773402 1638400
0.000759713 1638400
9.3602e-05 147456
0.000751745 1638400
0.000183695 256
0.000734614 1638400
1.3826e-05 256
1.121e-05 256
0.000767001 1638400
0.000738767 1638400
0.000743171 1638400
0.000765465 1638400
0.000770088 1638400
0.000730595 1638400
0.00075047 1638400
0.000754238 1638400
0.000760398 1638400
9.0055e-05 147456
0.000744144 1638400
0.000185726 256
0.000758909 1638400
1.2986e-05 256
1.1313e-05 256
0.000756573 1638400
0.000743078 1638400
0.000740417 1638400
0.000762116 1638400
9.3378e-05 147456
0.000772301 1638400
0.000193653 256
0.000733367 1638400
1.2894e-05 256
1.1205e-05 256
0.000781789 1638400
0.000796832 1638400
0.000750307 1638400
0.000732431 1638400
0.000756218 1638400
0.000747382 1638400
0.000751723 1638400
0.000770987 1638400
2.5764e-05 25600
2.8008e-05 25600
2.5867e-05 25600
1.1959e-05 2560
1.0164e-05 400
1.0368e-05 40
1.2201e-05 4000
1.1661e-05 4000
1.2465e-05 4000
9.757e-06 400
1.0235e-05 40
1.1147e-05 4000
1.0856e-05 4000
1.0494e-05 40
1.0097e-05 400
1.0906e-05 4000
1.0047e-05 40
1.0944e-05 4000
1.0688e-05 400
1.2099e-05 4000
1.1087e-05 400
1.3129e-05 4000
1.0688e-05 400
8.844e-06 4000
1.2961e-05 4000
1.1322e-05 400
1.1869e-05 4000
1.1401e-05 2560
2.4194e-05 25600
1.2865e-05 4000
2.5129e-05 25600
2.4561e-05 25600
0.000750651 1638400
2.574e-05 25600
2.2071e-05 25600
0.000745829 1638400
0.000771838 1638400
0.000745047 1638400
1.4126e-05 256
1.1253e-05 256
1.0454e-05 256
0.000753291 1638400
0.000731509 1638400
0.00075969 1638400
0.000729952 1638400
0.00076612 1638400
0.00074083 1638400
0.000960622 1638400
8.7103e-05 147456
0.000738974 1638400
0.000743143 1638400
0.000757158 1638400
0.000739388 1638400
0.000730332 1638400
1.4345e-05 256
1.1804e-05 256
1.0209e-05 256
0.000739437 1638400
0.000768786 1638400
0.000746006 1638400
0.000737465 1638400
0.000750437 1638400
0.000739713 1638400
0.000958099 1638400
8.5943e-05 147456
0.000733807 1638400
0.000766636 1638400
0.000744117 1638400
0.000756371 1638400
0.000728118 1638400
0.000756069 1638400
0.000790324 1638400
0.000741752 1638400
1.4192e-05 256
1.1005e-05 256
1.0192e-05 256
0.000738188 1638400
0.000740576 1638400
0.000747329 1638400
0.000762836 1638400
0.000806481 1638400
0.000746483 1638400
0.000945756 1638400
8.699e-05 147456
0.000744995 1638400
0.00079192 1638400
0.000739272 1638400
0.000735676 1638400
0.000745384 1638400
1.4101e-05 256
1.1864e-05 256
1.0517e-05 256
0.000760245 1638400
6.892e-06 3276800
0.000741763 1638400
0.00074505 1638400
0.000762656 1638400
0.000752795 1638400
0.000954681 1638400
8.5615e-05 147456
8.614e-06 3276800
0.000747444 1638400
7.627e-06 3276800
0.000774159 1638400
0.000744344 1638400
0.000753728 1638400
0.000748062 1638400
0.000745267 1638400
1.3938e-05 256
1.1361e-05 256
1.0328e-05 256
0.000751269 1638400
0.000742137 1638400
9.599e-06 3276800
6.983e-06 3276800
5.773e-06 3276800
0.00077415 1638400
7.205e-06 3276800
0.000274778 147456
0.000743755 1638400
0.000742205 1638400
0.000752203 1638400
0.000732854 1638400
8.494e-06 3276800
1.4749e-05 256
1.1719e-05 256
1.0418e-05 256
7.281e-06 3276800
0.000720616 1638400
0.000744734 1638400
0.000743986 1638400
0.000768872 1638400
0.000978477 3276800
0.000953864 1638400
4.8522e-05 73728
0.000724913 1638400
1.4035e-05 256
1.2127e-05 256
1.0442e-05 256
0.000731675 1638400
0.000732508 1638400
9.011e-06 3276800
8.645e-06 3276800
7.306e-06 3276800
0.00100122 3276800
7.459e-06 3276800
0.00013036 8192
0.00073428 1638400
0.00133119 3276800
0.000734647 1638400
0.00103734 3276800
0.000746449 1638400
0.00134922 3276800
0.00100127 3276800
0.00132101 3276800
2.5812e-05 128
1.1403e-05 128
1.0108e-05 128
0.00101861 3276800
0.00132169 3276800
0.000980527 3276800
0.00100308 3276800
0.00104207 3276800
0.000986228 3276800
0.00156093 3276800
3.1839e-05 36864
0.000999613 3276800
0.00134896 3276800
0.000982557 3276800
0.00131122 3276800
0.00100341 3276800
2.6944e-05 128
1.1992e-05 128
1.0289e-05 128
0.000951417 3276800
0.00128662 3276800
0.00100524 3276800
0.00132033 3276800
0.00104846 3276800
0.00132869 3276800
0.00126614 3276800
3.2948e-05 36864
0.000974566 3276800
0.000741056 1638400
0.000990876 3276800
0.00078579 1638400
0.00131471 3276800
0.000772311 1638400
0.000758847 1638400
0.000747297 1638400
2.5865e-05 128
1.1622e-05 128
1.0672e-05 128
0.000752264 1638400
0.000974307 3276800
0.000976325 3276800
0.000998302 3276800
0.00104539 3276800
0.00130376 3276800
0.00126818 3276800
3.2154e-05 36864
0.00131148 3276800
0.00100986 3276800
0.00131918 3276800
0.000991517 3276800
0.000971427 3276800
2.5888e-05 128
1.1474e-05 128
1.0887e-05 128
0.00132809 3276800
0.000988911 3276800
0.00132666 3276800
0.00100035 3276800
0.00135721 3276800
0.000988249 3276800
0.00111272 3276800
2.2474e-05 36864
0.000973765 3276800
0.00100822 3276800
0.00132091 3276800
0.0010216 3276800
0.000738437 1638400
0.00135265 3276800
0.00100883 3276800
0.0013189 3276800
2.4687e-05 128
1.2128e-05 128
1.0436e-05 128
0.00099982 3276800
0.00131699 3276800
0.000998807 3276800
0.000921437 3276800
0.00138055 3276800
0.000992674 3276800
0.00158758 3276800
2.1626e-05 36864
0.000981432 3276800
0.00133303 3276800
0.000991942 3276800
0.000996528 3276800
0.000954423 3276800
2.6623e-05 128
1.1625e-05 128
1.0569e-05 128
0.000998314 3276800
0.00133988 3276800
0.000994435 3276800
0.00132506 3276800
0.00105093 3276800
0.00181898 6553600
0.00121455 3276800
1.692e-05 18432
0.00128987 3276800
2.7056e-05 128
1.1121e-05 128
1.0189e-05 128
0.000991483 3276800
6.777e-06 6553600
0.00131942 3276800
0.000988547 3276800
0.000970017 3276800
0.00143937 6553600
0.00139894 3276800
1.3153e-05 2048
0.000977266 3276800
0.00137663 3276800
0.000992933 3276800
0.00142579 3276800
0.00097318 3276800
0.00104759 3276800
0.00135885 3276800
0.000988358 3276800
4.5501e-05 64
1.1407e-05 64
1.06e-05 64
0.00128877 3276800
0.00183885 6553600
0.000998066 3276800
0.000992087 3276800
0.00119921 3276800
0.00184375 6553600
0.0016154 3276800
1.7481e-05 9216
0.00180281 6553600
0.00183838 6553600
0.00180754 6553600
0.00180147 6553600
0.000990542 3276800
4.7309e-05 64
1.1731e-05 64
1.1402e-05 64
0.00135535 3276800
0.00151097 6553600
0.00139178 6553600
0.00180227 6553600
0.00206304 6553600
0.00180571 6553600
0.00239687 6553600
1.6157e-05 9216
0.00181641 6553600
0.00105178 3276800
0.00186592 6553600
0.000986168 3276800
0.000952872 3276800
0.00109703 3276800
0.00133344 3276800
0.000990859 3276800
4.4485e-05 64
1.1466e-05 64
1.0275e-05 64
0.00131916 3276800
0.00180457 6553600
0.0014439 6553600
0.00181355 6553600
0.00207426 6553600
0.00178354 6553600
0.00243344 6553600
1.6427e-05 9216
0.000735163 1638400
0.00184099 6553600
0.000734695 1638400
0.00176551 6553600
0.00180101 6553600
4.6325e-05 64
1.183e-05 64
1.1092e-05 64
0.00183257 6553600
0.00179974 6553600
0.000731173 1638400
0.000729233 1638400
0.000976168 1638400
0.0018127 6553600
0.00136595 1638400
1.5619e-05 9216
0.00143521 6553600
0.00182713 6553600
0.00181376 6553600
0.00191678 6553600
0.000938156 3276800
0.00191458 6553600
0.00182739 6553600
0.00183798 6553600
4.4657e-05 64
1.1486e-05 64
1.118e-05 64
0.00183751 6553600
0.00181227 6553600
0.000991117 3276800
0.00132259 3276800
0.00122082 3276800
0.0018002 6553600
0.00156271 3276800
1.7159e-05 9216
0.000742972 1638400
0.00152752 6553600
0.000721189 1638400
0.00180457 6553600
0.000975338 3276800
4.5735e-05 64
1.1762e-05 64
1.0987e-05 64
0.000980437 3276800
0.00142962 6553600
0.000737476 1638400
0.000763205 1638400
0.000977053 1638400
0.00177037 6553600
0.00136468 1638400
1.6134e-05 9216
0.00129927 3276800
0.000794712 1638400
0.000971761 3276800
0.000840167 1638400
0.0017982 6553600
0.000842489 1638400
0.00144674 6553600
0.000729612 1638400
0.00150028 6553600
0.000982138 3276800
4.4456e-05 64
1.2265e-05 64
1.2852e-05 64
0.000980765 3276800
0.00179069 6553600
0.000757071 1638400
0.000741528 1638400
0.000979421 1638400
0.000596121 1228800
0.00121012 1638400
1.3803e-05 1728
0.00059104 1228800
1.5715e-05 400
1.6271e-05 1728
2.556e-06 4000
2.245e-06 2048
1.1529e-05 1728
2.3e-06 4000
1.1542e-05 64
2.186e-06 400
1.0581e-05 64
9.774e-06 64
2.184e-06 400
1.1349e-05 64
1.0158e-05 64
9.91e-06 64
9.51e-06 64
9.928e-06 64
1.0955e-05 64
9.939e-06 64
1.0215e-05 64
9.825e-06 64
1.0104e-05 64
1.3683e-05 9216
1.4215e-05 9216
1.3916e-05 9216
1.3163e-05 9216
1.4016e-05 9216
1.1117e-05 64
9.84e-06 64
1.0286e-05 64
9.437e-06 64
1.0287e-05 64
1.1276e-05 64
9.626e-06 64
9.897e-06 64
9.437e-06 64
1.0063e-05 64
1.1832e-05 64
9.661e-06 64
9.931e-06 64
9.566e-06 64
9.836e-06 64
1.3951e-05 9216
1.4539e-05 9216
1.3587e-05 9216
1.569e-05 9216
1.3815e-05 9216
1.1764e-05 64
1.046e-05 64
1.0177e-05 64
9.676e-06 64
9.824e-06 64
1.1074e-05 64
9.781e-06 64
1.0388e-05 64
9.969e-06 64
9.735e-06 64
1.0768e-05 64
9.965e-06 64
1.0377e-05 64
1.0072e-05 64
1.0089e-05 64
1.3835e-05 9216
1.4425e-05 9216
1.4616e-05 9216
1.4471e-05 9216
1.4739e-05 9216
1.1119e-05 64
9.672e-06 64
9.646e-06 64
1.0164e-05 64
9.918e-06 64
1.0766e-05 64
9.923e-06 64
1.0538e-05 64
9.908e-06 64
9.92e-06 64
1.0884e-05 64
9.706e-06 64
9.748e-06 64
9.556e-06 64
9.633e-06 64
1.3799e-05 9216
1.4379e-05 9216
1.3848e-05 9216
1.4358e-05 9216
1.41e-05 9216
1.1585e-05 64
9.773e-06 64
9.904e-06 64
9.989e-06 64
9.394e-06 64
1.0897e-05 64
9.812e-06 64
9.942e-06 64
9.601e-06 64
9.828e-06 64
1.1303e-05 64
9.895e-06 64
1.0008e-05 64
9.393e-06 64
9.745e-06 64
1.6206e-05 9216
1.2414e-05 9216
1.3918e-05 9216
1.3326e-05 9216
1.3848e-05 9216
1.1184e-05 64
9.673e-06 64
1.0016e-05 64
9.456e-06 64
9.769e-06 64
1.1073e-05 64
1.0228e-05 64
9.703e-06 64
9.649e-06 64
9.741e-06 64
1.081e-05 64
1.0316e-05 64
1.0607e-05 64
9.958e-06 64
9.672e-06 64
1.3979e-05 9216
2.416e-05 9216
1.4215e-05 8192
1.422e-05 9216
1.3692e-05 9216
1.1367e-05 64
1.0872e-05 64
2.338e-06 128
9.607e-06 64
9.886e-06 64
1.0989e-05 64
9.831e-06 64
1.0271e-05 64
9.412e-06 64
9.992e-06 64
1.0756e-05 64
9.744e-06 64
9.498e-06 64
9.552e-06 64
9.836e-06 64
1.2259e-05 2048
1.1046e-05 2048
2.253e-06 4000
1.0664e-05 2048
1.0631e-05 2048
1.0936e-05 128
9.629e-06 128
9.823e-06 128
9.692e-06 128
9.711e-06 128
1.1122e-05 128
9.809e-06 128
9.821e-06 128
9.942e-06 128
1.027e-05 128
1.0893e-05 128
9.739e-06 128
1.0056e-05 128
9.533e-06 128
1.0082e-05 128
1.6393e-05 18432
2.1207e-05 18432
4.819e-06 36864
1.966e-05 18432
1.977e-05 18432
1.1804e-05 128
9.866e-06 128
9.764e-06 128
9.759e-06 128
9.856e-06 128
1.0891e-05 128
9.772e-06 128
1.0175e-05 128
9.804e-06 128
9.842e-06 128
1.1082e-05 128
1.038e-05 128
1.0071e-05 128
1.0034e-05 128
1.0073e-05 128
3.1842e-05 36864
2.9788e-05 36864
2.7731e-05 36864
2.8387e-05 36864
2.9446e-05 36864
1.1905e-05 128
9.713e-06 128
9.957e-06 128
9.82e-06 128
1.0028e-05 128
1.0945e-05 128
1.0055e-05 128
1.0061e-05 128
1.001e-05 128
9.825e-06 128
2.583e-05 128
1.0252e-05 128
1.0308e-05 128
9.583e-06 128
9.707e-06 128
2.8313e-05 36864
2.7539e-05 36864
2.8648e-05 36864
2.8906e-05 36864
2.7719e-05 36864
1.1467e-05 128
9.873e-06 128
1.0269e-05 128
1.0025e-05 128
9.805e-06 128
1.1569e-05 128
1.0096e-05 128
1.0493e-05 128
9.749e-06 128
9.937e-06 128
1.1218e-05 128
9.682e-06 128
9.832e-06 128
9.588e-06 128
9.947e-06 128
3.0234e-05 36864
2.7396e-05 36864
3.0375e-05 36864
2.8899e-05 36864
2.7289e-05 36864
1.1617e-05 128
9.847e-06 128
1.0107e-05 128
9.753e-06 128
9.719e-06 128
1.1041e-05 128
9.745e-06 128
1.0044e-05 128
1.0082e-05 128
9.776e-06 128
1.1162e-05 128
9.61e-06 128
9.835e-06 128
9.485e-06 128
9.888e-06 128
2.8641e-05 36864
3.0813e-05 36864
2.7237e-05 36864
2.7997e-05 36864
2.7967e-05 36864
1.1737e-05 128
9.822e-06 128
1.0051e-05 128
9.976e-06 128
9.753e-06 128
1.1017e-05 128
1.0026e-05 128
9.908e-06 128
9.642e-06 128
9.826e-06 128
1.0818e-05 128
9.751e-06 128
1.0558e-05 128
9.952e-06 128
9.71e-06 128
3.0563e-05 36864
2.8735e-05 36864
2.2359e-05 25600
2.6999e-05 36864
3.1327e-05 36864
1.1475e-05 128
1.0053e-05 128
2.62e-06 256
9.736e-06 128
1.0765e-05 128
1.0936e-05 128
1.0041e-05 128
1.0006e-05 128
1.0025e-05 128
9.809e-06 128
1.1256e-05 128
1.0086e-05 128
1.036e-05 128
9.928e-06 128
9.838e-06 128
1.3796e-05 8192
1.2202e-05 8192
1.3816e-05 8192
1.3822e-05 8192
1.3629e-05 8192
1.1175e-05 256
9.923e-06 256
1.0224e-05 256
9.656e-06 256
1.0106e-05 256
1.1e-05 256
9.726e-06 256
1.0252e-05 256
9.663e-06 256
9.859e-06 256
1.0917e-05 256
1.015e-05 256
9.945e-06 256
9.701e-06 256
9.74e-06 256
5.0951e-05 73728
4.513e-05 73728
5.378e-06 147456
4.5508e-05 73728
4.8131e-05 73728
1.1528e-05 256
9.732e-06 256
1.0158e-05 256
1.0253e-05 256
1.0224e-05 256
1.12e-05 256
9.882e-06 256
1.0116e-05 256
9.726e-06 256
1.0288e-05 256
1.0935e-05 256
9.76e-06 256
1.0011e-05 256
9.935e-06 256
9.948e-06 256
8.6676e-05 147456
8.391e-06 3276800
8.7281e-05 147456
8.5917e-05 147456
5.412e-06 3276800
1.2244e-05 256
1.0185e-05 256
1.0291e-05 256
1.0152e-05 256
1.0446e-05 256
1.1422e-05 256
9.763e-06 256
1.0138e-05 256
9.596e-06 256
1.0007e-05 256
1.1137e-05 256
9.844e-06 256
1.0101e-05 256
9.767e-06 256
1.0645e-05 256
8.7588e-05 147456
8.4991e-05 147456
8.3359e-05 147456
8.4928e-05 147456
8.4564e-05 147456
1.1596e-05 256
1.0007e-05 256
1.0114e-05 256
1.0004e-05 256
9.996e-06 256
1.0965e-05 256
9.748e-06 256
9.808e-06 256
9.527e-06 256
9.967e-06 256
1.1073e-05 256
9.885e-06 256
1.0394e-05 256
9.74e-06 256
1.0026e-05 256
8.5161e-05 147456
8.5779e-05 147456
8.5336e-05 147456
8.5477e-05 147456
8.3389e-05 147456
1.1798e-05 256
1.0442e-05 256
1.0095e-05 256
9.991e-06 256
1.0057e-05 256
1.1119e-05 256
9.734e-06 256
1.0094e-05 256
1.0242e-05 256
1.0126e-05 256
1.0919e-05 256
9.909e-06 256
9.61e-06 256
9.696e-06 256
1.0048e-05 256
8.6682e-05 147456
8.6783e-05 147456
8.6294e-05 147456
8.7291e-05 147456
8.5696e-05 147456
1.1619e-05 256
1.0082e-05 256
1.0384e-05 256
1.0266e-05 256
9.98e-06 256
1.1108e-05 256
9.856e-06 256
1.0394e-05 256
9.664e-06 256
9.859e-06 256
1.1219e-05 256
9.638e-06 256
1.0213e-05 256
1.0001e-05 256
9.799e-06 256
8.7268e-05 147456
8.9151e-05 147456
8.6061e-05 147456
8.6258e-05 147456
8.5159e-05 147456
1.1445e-05 256
9.894e-06 256
2.492e-06 400
9.782e-06 256
1.0081e-05 256
1.1114e-05 256
9.945e-06 256
1.026e-05 256
9.426e-06 256
9.956e-06 256
1.0838e-05 256
9.818e-06 256
9.929e-06 256
9.889e-06 256
1.0123e-05 256
1.2818e-05 2560
2.261e-06 4000
1.1009e-05 2560
1.0603e-05 2560
2.174e-06 4000
1.1254e-05 40
9.826e-06 40
9.99e-06 40
1.0124e-05 40
9.979e-06 40
1.3154e-05 1728
1.1069e-05 64
1.0648e-05 64
1.025e-05 64
1.0053e-05 64
1.0278e-05 64
1.2775e-05 9216
1.0812e-05 64
1.0314e-05 64
1.0189e-05 64
1.0393e-05 64
1.0412e-05 64
1.3306e-05 9216
1.105e-05 64
9.977e-06 64
1.0121e-05 64
1.007e-05 64
1.0134e-05 64
1.3008e-05 9216
1.0507e-05 64
1.0052e-05 64
1.0163e-05 64
1.0215e-05 64
1.015e-05 64
1.2807e-05 9216
1.0831e-05 64
9.874e-06 64
1.0339e-05 64
1.0268e-05 64
9.882e-06 64
1.2719e-05 9216
1.0813e-05 64
9.988e-06 64
1.0048e-05 64
1.0095e-05 64
1.0091e-05 64
1.2855e-05 9216
1.0857e-05 64
5.1986e-05 64
1.024e-05 64
1.0635e-05 64
1.0105e-05 64
1.0853e-05 2048
1.0364e-05 128
1.031e-05 128
1.0718e-05 128
1.0308e-05 128
1.0701e-05 128
2.1333e-05 18432
1.0898e-05 128
1.0152e-05 128
1.0341e-05 128
1.0673e-05 128
1.0499e-05 128
2.7464e-05 36864
1.0818e-05 128
1.0245e-05 128
1.0026e-05 128
1.0206e-05 128
1.0206e-05 128
1.9874e-05 36864
1.0841e-05 128
1.0446e-05 128
1.0223e-05 128
1.0218e-05 128
1.0148e-05 128
2.0384e-05 36864
1.0833e-05 128
9.964e-06 128
1.0086e-05 128
1.0165e-05 128
1.0098e-05 128
1.9789e-05 36864
1.08e-05 128
1.0275e-05 128
1.0205e-05 128
1.0497e-05 128
9.918e-06 128
1.9621e-05 36864
1.0669e-05 128
9.876e-06 128
1.0165e-05 128
1.0189e-05 128
1.0317e-05 128
1.2047e-05 8192
1.0739e-05 256
1.0316e-05 256
1.0535e-05 256
1.0209e-05 256
1.0405e-05 256
4.6954e-05 73728
1.1155e-05 256
1.0307e-05 256
1.035e-05 256
1.0436e-05 256
1.02e-05 256
7.3638e-05 147456
1.1627e-05 256
1.0244e-05 256
1.0065e-05 256
1.0222e-05 256
9.997e-06 256
4.8742e-05 147456
1.1797e-05 256
1.0506e-05 256
1.005e-05 256
1.0229e-05 256
1.026e-05 256
4.7998e-05 147456
1.1943e-05 256
1.0275e-05 256
1.0253e-05 256
1.0057e-05 256
9.912e-06 256
4.8802e-05 147456
1.1043e-05 256
9.8e-06 256
1.0322e-05 256
1.0474e-05 256
1.0388e-05 256
4.8536e-05 147456
1.118e-05 256
1.0499e-05 256
9.956e-06 256
1.0052e-05 256
1.0257e-05 256
1.1434e-05 2560
1.0355e-05 40
