0.000179211 6912
0.000304631 1228800
0.000300966 256
0.00408401 26214400
0.000166937 256
1.1963e-05 256
0.00533485 26214400
0.00573803 26214400
0.0056244 26214400
0.0057612 26214400
0.00620951 26214400
0.00574941 26214400
0.000209675 147456
0.00541587 26214400
0.00160401 256
0.00579361 26214400
0.000165713 256
1.2005e-05 256
0.00531262 26214400
0.00575257 26214400
0.0056571 26214400
0.00575682 26214400
0.0053712 26214400
9.101e-06 26214400
0.00015137 294912
7.99e-06 26214400
0.000810498 512
0.00104714 6553600
8.2902e-05 512
1.173e-05 512
0.0010495 6553600
0.00312984 13107200
0.00313989 13107200
0.00280967 13107200
0.00353644 13107200
0.0031057 13107200
0.000216783 589824
0.00308472 13107200
0.00143015 512
0.00280212 13107200
8.1755e-05 512
1.15e-05 512
0.00271792 13107200
0.00310884 13107200
0.00316769 13107200
0.002809 13107200
0.00274317 13107200
8.991e-06 13107200
0.000280043 1179648
8.122e-06 13107200
0.00143729 1024
0.000565642 3276800
4.518e-05 1024
1.2492e-05 1024
0.000562528 3276800
0.00104785 6553600
0.0018485 6553600
0.00150753 6553600
0.00223843 6553600
0.0017807 6553600
0.00102367 2359296
0.00184336 6553600
0.00282128 1024
0.00183335 6553600
4.4084e-05 1024
1.2449e-05 1024
0.00179175 6553600
0.00180431 6553600
0.00150205 6553600
0.001432 6553600
0.00259457 6553600
0.00180622 6553600
0.00105101 2359296
0.00179592 6553600
0.0028378 1024
0.00178586 6553600
3.8173e-05 1024
1.1798e-05 1024
0.00181181 6553600
0.00149894 6553600
0.00146457 6553600
0.00177441 6553600
0.00184752 6553600
0.000296203 1638400
0.00150038 4718592
0.000734343 1638400
0.00270057 2048
0.00130217 3276800
1.7646e-05 2048
1.1768e-05 2048
0.000990326 3276800
0.000944654 3276800
0.00133452 3276800
0.000979568 3276800
0.00207569 3276800
0.000985001 3276800
0.00253243 9437184
0.000968381 3276800
0.00570063 2048
0.00132966 3276800
1.8277e-05 2048
1.1963e-05 2048
0.000994866 3276800
0.0009818 3276800
0.0013422 3276800
0.001006 3276800
0.00198472 3276800
0.000987838 3276800
0.00243516 9437184
0.000982779 3276800
0.00569755 2048
0.00131374 3276800
1.756e-05 2048
1.2258e-05 2048
0.00101513 3276800
0.000917915 3276800
0.00132468 3276800
0.00100439 3276800
0.00131783 3276800
1.0132e-05 3276800
0.00250984 9437184
7.258e-06 3276800
0.00296678 2048
0.000425051 819200
1.3069e-05 2048
1.2098e-05 2048
0.000429369 819200
0.000418861 819200
0.000434094 819200
0.000426482 819200
0.00104352 819200
0.000428396 819200
0.00248658 9437184
0.000420838 819200
0.0029539 2048
0.000418528 819200
1.3369e-05 2048
1.1847e-05 2048
0.000432476 819200
0.000423257 819200
0.000434411 819200
0.000420539 819200
0.00111891 819200
0.000422011 819200
0.00215511 9437184
0.000413433 819200
0.00297695 2048
0.000431219 819200
1.3187e-05 2048
1.2075e-05 2048
0.000433237 819200
0.00042083 819200
0.000428549 819200
0.000432907 819200
0.000436944 819200
8.211e-06 819200
8.589e-06 819200
9.147e-06 819200
5.7231e-05 204800
5.4771e-05 204800
0.000553623 1048576
2.7788e-05 400
1.2331e-05 2048
6.676e-05 204800
1.1307e-05 2048
1.1528e-05 2048
5.4198e-05 204800
5.7157e-05 204800
5.5417e-05 204800
0.000132466 204800
0.000769618 204800
0.000120188 204800
0.000119182 204800
1.6784e-05 20480
2.8885e-05 400
1.0927e-05 40
1.2582e-05 4000
1.1426e-05 4000
1.0964e-05 4000
1.0421e-05 400
1.1058e-05 40
1.1485e-05 4000
1.0974e-05 4000
1.0665e-05 40
1.0474e-05 400
1.1131e-05 4000
1.0582e-05 40
1.1603e-05 4000
1.072e-05 400
1.1928e-05 4000
1.0779e-05 400
1.214e-05 4000
1.0963e-05 400
8.882e-06 4000
1.0733e-05 4000
1.1184e-05 400
1.133e-05 4000
1.7115e-05 20480
0.00011811 204800
1.2495e-05 4000
0.000117247 204800
0.000118462 204800
0.000121106 204800
0.000120247 204800
0.00011688 204800
0.000117305 204800
0.0001161 204800
1.1879e-05 2048
1.1425e-05 2048
1.1351e-05 2048
0.00011753 204800
0.000115867 204800
0.000119017 204800
0.000119315 204800
1.2174e-05 400
0.000114409 204800
0.000523522 1048576
0.000121993 204800
0.000119134 204800
0.000120844 204800
0.00012606 204800
0.000117827 204800
0.000121941 204800
0.00043071 819200
0.000115912 204800
6.233e-06 819200
8.454e-06 1048576
0.000431276 819200
6.275e-06 1048576
0.000417353 819200
0.000120982 204800
1.4997e-05 2048
1.2412e-05 2048
1.1036e-05 2048
0.000126314 204800
0.000414285 819200
9.273e-06 1048576
8.895e-06 1048576
6.447e-06 1048576
0.000534843 819200
7.413e-06 1048576
0.00353185 9437184
0.000425389 819200
0.000419486 819200
0.000424577 819200
0.000434767 819200
0.000421969 819200
0.000414565 819200
0.000424432 819200
1.4829e-05 2048
1.1685e-05 2048
1.1908e-05 2048
0.000426849 819200
0.000421106 819200
0.000417418 819200
0.000460421 819200
0.000547422 819200
0.000418997 819200
0.00144228 819200
0.00251725 9437184
0.000433542 819200
0.000423272 819200
0.000415366 819200
0.000431065 819200
0.000417508 819200
0.000421234 819200
0.000420022 819200
1.4391e-05 2048
1.1848e-05 2048
1.1e-05 2048
0.000423261 819200
0.000419879 819200
0.000420098 819200
0.000440562 819200
0.000520398 819200
6.345e-06 3276800
0.00144855 819200
0.00249779 9437184
0.000423071 819200
0.00131868 3276800
0.000417837 819200
6.177e-06 3276800
9.076e-06 9437184
0.00131965 3276800
6.653e-06 9437184
0.00130019 3276800
0.000988454 3276800
2.8638e-05 2048
1.2546e-05 2048
1.1175e-05 2048
0.0013261 3276800
0.000986589 3276800
0.000952727 3276800
0.00103498 3276800
0.0011046 3276800
0.00127631 3276800
0.00342504 3276800
0.00252386 9437184
0.000993024 3276800
0.00130056 3276800
0.000998723 3276800
0.000981007 3276800
0.000956833 3276800
0.000963155 3276800
0.00132596 3276800
2.6325e-05 2048
1.4773e-05 2048
1.1421e-05 2048
0.000982507 3276800
0.00131002 3276800
0.000980559 3276800
0.00136236 3276800
0.00112007 3276800
0.000947491 3276800
0.00378375 3276800
0.00213429 9437184
0.00128276 3276800
0.000997626 3276800
0.0013372 3276800
0.00100857 3276800
0.00129818 3276800
0.000977566 3276800
0.000977548 3276800
2.6603e-05 2048
1.1571e-05 2048
1.1601e-05 2048
0.00137384 3276800
0.000985671 3276800
0.0012873 3276800
0.00101387 3276800
0.00147329 3276800
0.000723691 1638400
0.00224911 3276800
0.00145631 4718592
0.000421258 819200
0.00153038 6553600
0.000406501 819200
0.00074053 1638400
0.00130465 3276800
0.00186847 6553600
0.000962608 3276800
0.00179881 6553600
0.00179883 6553600
4.5386e-05 1024
1.4264e-05 1024
1.1328e-05 1024
0.00183808 6553600
0.00181237 6553600
0.0014816 6553600
0.00139759 6553600
0.00188079 6553600
0.00177163 6553600
0.0041334 6553600
0.000973623 2359296
0.00183815 6553600
0.00185919 6553600
0.000990926 3276800
0.00189271 6553600
0.00102032 3276800
0.00176922 6553600
0.00135897 3276800
4.4971e-05 1024
1.2028e-05 1024
1.1851e-05 1024
0.00099731 3276800
0.00184981 6553600
0.00181225 6553600
0.00180586 6553600
0.00184863 6553600
0.00150072 6553600
0.00405735 6553600
0.000978685 2359296
0.00180106 6553600
0.00185845 6553600
0.00185816 6553600
0.00183731 6553600
0.00178432 6553600
0.00142613 6553600
0.00132874 3276800
4.5976e-05 1024
1.2107e-05 1024
1.0806e-05 1024
0.000990945 3276800
0.00131336 3276800
0.00181385 6553600
0.00151027 6553600
0.00148075 6553600
6.774e-06 13107200
0.00300109 6553600
0.000579618 1179648
0.00131613 3276800
0.00314531 13107200
0.00097875 3276800
7.21e-06 13107200
0.000993849 3276800
0.00313991 13107200
0.000965596 3276800
0.00311366 13107200
0.0031048 13107200
9.2172e-05 512
1.1545e-05 512
1.1014e-05 512
0.00307846 13107200
0.0027496 13107200
0.00312386 13107200
0.0031127 13107200
0.00319055 13107200
0.00274563 13107200
0.00545833 13107200
0.000306312 589824
0.00308426 13107200
0.00285637 13107200
0.00186993 6553600
0.00327686 13107200
0.00177185 6553600
0.00312173 13107200
0.000746557 1638400
9.0856e-05 512
1.1716e-05 512
1.0792e-05 512
0.000738994 1638400
0.00177317 6553600
0.0031167 13107200
0.00275419 13107200
0.00312945 13107200
7.283e-06 26214400
0.00413404 13107200
0.000166277 294912
0.00129285 3276800
0.00567529 26214400
0.00136071 3276800
8.321e-06 26214400
0.000761106 1638400
0.00590263 26214400
0.000733705 1638400
0.00576212 26214400
0.00536267 26214400
0.000172912 256
1.1547e-05 256
1.1205e-05 256
0.00584168 26214400
0.00546423 26214400
0.00580804 26214400
0.00548515 26214400
0.00602795 26214400
0.00538779 26214400
0.00875214 26214400
8.8056e-05 147456
0.00541692 26214400
0.00550939 26214400
0.000728259 1638400
0.00552738 26214400
0.000749422 1638400
0.00577224 26214400
0.00544339 26214400
0.000174908 256
1.1862e-05 256
1.0803e-05 256
0.00577149 26214400
0.00545518 26214400
0.00579265 26214400
0.00545393 26214400
0.00597136 26214400
0.000597346 1228800
0.00645663 26214400
1.4672e-05 6912
0.000430307 819200
1.6404e-05 400
1.6271e-05 6912
1.2878e-05 6912
1.14e-05 6912
1.1898e-05 6912
1.5021e-05 6912
1.1944e-05 256
2.197e-06 400
1.0443e-05 256
9.941e-06 256
2.294e-06 400
1.1175e-05 256
1.024e-05 256
1.0388e-05 256
9.966e-06 256
1.0663e-05 256
1.1128e-05 256
9.849e-06 256
1.0089e-05 256
1.0312e-05 256
1.0161e-05 256
8.58e-05 147456
7.287e-06 819200
8.7716e-05 147456
8.5674e-05 147456
5.494e-06 819200
1.1755e-05 256
1.0287e-05 256
2.311e-06 512
9.96e-06 256
1.0809e-05 256
1.1749e-05 256
9.95e-06 256
1.0623e-05 256
9.841e-06 256
1.0006e-05 256
1.1276e-05 256
1.0324e-05 256
1.0133e-05 256
1.0015e-05 256
1.0307e-05 256
0.000161182 294912
0.000160434 294912
0.000157454 294912
0.000158027 294912
0.000157889 294912
1.1597e-05 512
1.0632e-05 512
1.0165e-05 512
9.932e-06 512
1.048e-05 512
1.1041e-05 512
9.921e-06 512
1.0555e-05 512
9.803e-06 512
1.0447e-05 512
1.1263e-05 512
1.0231e-05 512
1.0059e-05 512
1.0248e-05 512
1.0357e-05 512
0.000302302 589824
8.169e-06 819200
5.413e-06 819200
0.000320818 589824
5.775e-06 819200
1.2844e-05 512
1.0033e-05 512
2.556e-06 1024
1.006e-05 512
1.0348e-05 512
1.1531e-05 512
9.721e-06 512
1.0051e-05 512
9.775e-06 512
1.0455e-05 512
1.1354e-05 512
1.0009e-05 512
1.0053e-05 512
1.0329e-05 512
1.0407e-05 512
0.000585832 1179648
0.000116559 204800
6.235e-06 1638400
0.000592107 1179648
0.00011606 204800
2.3054e-05 1024
1.0566e-05 1024
1.0568e-05 1024
1.0802e-05 1024
1.0647e-05 1024
1.1304e-05 1024
1.0427e-05 1024
1.0594e-05 1024
1.0125e-05 1024
2.06e-05 1024
1.1187e-05 1024
1.0218e-05 1024
1.0379e-05 1024
1.045e-05 1024
1.0645e-05 1024
0.000982519 2359296
7.713e-06 3276800
0.000444012 819200
0.00101669 2359296
6.475e-06 3276800
3.829e-05 1024
1.0662e-05 1024
1.0612e-05 1024
1.0572e-05 1024
1.0636e-05 1024
1.2065e-05 1024
1.0514e-05 1024
1.0621e-05 1024
1.016e-05 1024
1.0456e-05 1024
1.1115e-05 1024
1.0643e-05 1024
1.0299e-05 1024
1.0865e-05 1024
1.0407e-05 1024
0.000980611 2359296
7.736e-06 3276800
0.000446394 819200
0.00103016 2359296
6.531e-06 3276800
3.8054e-05 1024
1.0698e-05 1024
1.0314e-05 400
1.0759e-05 1024
1.0256e-05 1024
1.1041e-05 1024
1.0236e-05 1024
1.064e-05 1024
1.0231e-05 1024
1.0751e-05 1024
1.1324e-05 1024
1.0459e-05 1024
1.0699e-05 1024
1.0314e-05 1024
1.1178e-05 1024
0.00150555 4718592
0.000979197 3276800
0.00101419 3276800
0.00161123 4718592
0.000993608 3276800
7.9067e-05 2048
2.437e-06 4000
1.1399e-05 2048
1.0556e-05 2048
2.445e-06 4000
1.159e-05 2048
1.0658e-05 2048
1.0728e-05 2048
1.0733e-05 2048
1.1077e-05 2048
1.1355e-05 2048
2.239e-06 4000
1.1132e-05 2048
1.0646e-05 2048
2.709e-06 4000
0.00247328 9437184
0.0014971 6553600
0.00226011 9437184
0.00218602 9437184
0.00138938 6553600
0.00017214 2048
1.1347e-05 2048
1.0917e-05 2048
1.0898e-05 2048
1.0862e-05 2048
1.581e-05 2048
1.0541e-05 2048
1.1062e-05 2048
1.0489e-05 2048
1.0526e-05 2048
1.12e-05 2048
1.0509e-05 2048
1.0843e-05 2048
1.0756e-05 2048
1.0722e-05 2048
0.00247464 9437184
0.00225882 9437184
0.00260519 9437184
0.00228738 9437184
0.00247733 9437184
0.000171889 2048
1.1041e-05 2048
1.1264e-05 2048
1.1028e-05 2048
1.0973e-05 2048
1.2045e-05 2048
1.023e-05 2048
1.0814e-05 2048
1.0439e-05 2048
1.0486e-05 2048
1.1431e-05 2048
1.0532e-05 2048
1.129e-05 2048
1.0583e-05 2048
1.1171e-05 2048
0.00217101 9437184
0.000846297 1638400
0.00224744 9437184
0.00264441 9437184
0.00072281 1638400
0.000168588 2048
1.116e-05 2048
1.115e-05 2048
1.0513e-05 2048
1.1287e-05 2048
1.194e-05 2048
1.0639e-05 2048
1.0758e-05 2048
1.0751e-05 2048
1.1406e-05 2048
1.139e-05 2048
1.0581e-05 2048
1.0906e-05 2048
1.0451e-05 2048
1.1297e-05 2048
0.0021716 9437184
0.0025458 9437184
0.00228134 9437184
0.00266162 9437184
0.00217275 9437184
0.000174425 2048
1.1027e-05 2048
1.0541e-05 2048
1.0687e-05 2048
1.0575e-05 2048
1.1655e-05 2048
1.0911e-05 2048
1.1008e-05 2048
1.0317e-05 2048
1.1288e-05 2048
1.2577e-05 2048
1.0495e-05 2048
1.0515e-05 2048
1.0489e-05 2048
1.1015e-05 2048
0.00243144 9437184
0.00225583 9437184
0.00254841 9437184
0.00232165 9437184
0.00248492 9437184
0.000174144 2048
1.0852e-05 2048
1.0731e-05 2048
1.0781e-05 2048
1.118e-05 2048
1.2059e-05 2048
1.1138e-05 2048
1.079e-05 2048
1.0502e-05 2048
1.121e-05 2048
1.2048e-05 2048
1.0443e-05 2048
1.0294e-05 2048
1.0556e-05 2048
1.0996e-05 2048
0.000536614 1048576
0.000414047 819200
0.000534105 1048576
0.000541966 1048576
0.000423479 819200
1.5136e-05 2048
1.0876e-05 2048
2.502e-06 4000
1.0548e-05 2048
1.1068e-05 2048
1.1324e-05 2048
1.1087e-05 2048
1.109e-05 2048
1.0789e-05 2048
1.0632e-05 2048
1.1684e-05 2048
1.0593e-05 2048
1.0794e-05 2048
1.0748e-05 2048
1.04e-05 2048
2.234e-05 20480
2.0702e-05 20480
2.0082e-05 20480
2.1004e-05 20480
2.1945e-05 20480
1.1373e-05 40
1.0018e-05 40
1.004e-05 40
9.835e-06 40
1.0293e-05 40
1.6587e-05 6912
1.2117e-05 256
1.1305e-05 256
1.1005e-05 256
1.0709e-05 256
1.0882e-05 256
8.7097e-05 147456
1.2447e-05 256
1.0456e-05 256
1.019e-05 256
1.0403e-05 256
1.9429e-05 256
0.000135055 294912
1.1848e-05 512
1.0646e-05 512
1.074e-05 512
1.0617e-05 512
1.0753e-05 512
0.000286672 589824
1.2779e-05 512
1.0709e-05 512
1.0498e-05 512
1.1023e-05 512
1.0484e-05 512
0.000483585 1179648
1.4054e-05 1024
1.0809e-05 1024
1.1564e-05 1024
1.0639e-05 1024
1.0746e-05 1024
0.000790999 2359296
4.2604e-05 1024
1.1189e-05 1024
1.0728e-05 1024
1.1391e-05 1024
1.1081e-05 1024
0.00046117 2359296
1.6392e-05 1024
1.0744e-05 1024
1.1001e-05 1024
1.0657e-05 1024
1.0625e-05 1024
0.00140517 4718592
3.6104e-05 2048
1.1497e-05 2048
1.0876e-05 2048
1.1389e-05 2048
1.102e-05 2048
0.00219654 9437184
3.3566e-05 2048
1.1915e-05 2048
1.1951e-05 2048
1.1221e-05 2048
1.0921e-05 2048
0.00150497 9437184
3.2135e-05 2048
1.1056e-05 2048
1.0603e-05 2048
1.1254e-05 2048
1.0866e-05 2048
0.00150483 9437184
3.3078e-05 2048
1.1078e-05 2048
1.1128e-05 2048
1.065e-05 2048
1.1167e-05 2048
0.00150068 9437184
3.2498e-05 2048
1.1511e-05 2048
1.084e-05 2048
1.072e-05 2048
1.0766e-05 2048
0.00152568 9437184
3.3379e-05 2048
1.1288e-05 2048
1.0794e-05 2048
1.101e-05 2048
1.0695e-05 2048
0.000261159 1048576
1.275e-05 2048
1.0906e-05 2048
1.0793e-05 2048
1.1177e-05 2048
1.0698e-05 2048
1.7958e-05 20480
1.2331e-05 40
