0.000589626 9600
0.000322833 1228800
0.000293972 128
0.00325085 13107200
0.00274424 13107200
8.919e-06 13107200
7.707e-06 13107200
0.000998444 3276800
0.00129712 3276800
0.00103103 3276800
4.9522e-05 102400
0.00131284 3276800
0.000864615 128
0.00100928 3276800
0.000937961 3276800
0.00133218 3276800
0.000999601 3276800
9.041e-06 3276800
8.523e-06 3276800
0.00042488 819200
6.5969e-05 204800
0.000446698 819200
0.00026545 256
0.000740982 1638400
0.000734549 1638400
0.00073848 1638400
0.000750835 1638400
7.35e-06 1638400
8.593e-06 1638400
7.232e-06 1638400
2.2773e-05 40960
7.084e-05 400
1.1306e-05 40
1.2499e-05 4000
1.1425e-05 4000
1.0928e-05 4000
1.0284e-05 400
1.1219e-05 40
1.1314e-05 4000
1.0996e-05 4000
1.035e-05 40
2.0746e-05 400
1.1043e-05 4000
1.0249e-05 40
1.0798e-05 4000
1.0732e-05 400
1.1946e-05 4000
1.083e-05 400
1.2029e-05 4000
1.0948e-05 400
9.28e-06 4000
1.103e-05 4000
1.1421e-05 400
1.4881e-05 4000
2.2503e-05 40960
7.515e-06 1638400
1.2479e-05 4000
0.000248957 409600
0.00022665 409600
0.000750634 1638400
0.000219329 409600
6.087e-06 1638400
0.000732339 1638400
0.000755792 1638400
0.000739217 1638400
0.000734886 1638400
0.00072936 1638400
0.000750713 1638400
0.000764795 1638400
0.000419625 819200
0.00111021 1638400
6.258e-05 204800
8.6e-06 1638400
8.185e-06 3276800
5.432e-06 1638400
0.000414208 819200
0.000424047 819200
0.00135022 3276800
0.000427643 819200
6.225e-06 3276800
0.000999481 3276800
0.00131985 3276800
0.00101105 3276800
0.00127732 3276800
0.00100127 3276800
0.00133366 3276800
0.00106498 3276800
0.000931262 3276800
0.00201226 3276800
6.4902e-05 102400
0.000988665 3276800
0.00127797 3276800
0.000986289 3276800
0.00130128 3276800
0.000993696 3276800
8.829e-06 13107200
0.000994183 3276800
6.535e-06 13107200
0.00100799 3276800
0.0031687 13107200
0.00129921 3276800
6.816e-06 13107200
0.000741788 1638400
0.000741977 1638400
0.00102414 1638400
0.00059848 1228800
0.00131271 1638400
1.5059e-05 9600
8.624e-06 3276800
1.5717e-05 400
1.5462e-05 9600
1.796e-05 9600
1.6171e-05 9600
1.6191e-05 9600
1.5411e-05 9600
2.24e-06 400
1.0374e-05 128
1.0806e-05 128
2.055e-06 400
6.608e-05 102400
6.3948e-05 102400
5.908e-06 204800
6.2322e-05 102400
6.4439e-05 102400
1.0635e-05 128
1.981e-06 256
1.0305e-05 128
1.0431e-05 128
0.000117947 204800
0.000114389 204800
0.000117054 204800
0.000115171 204800
0.00011527 204800
1.1133e-05 256
2.019e-06 400
1.0376e-05 256
1.0462e-05 256
3.2666e-05 40960
3.3445e-05 40960
3.3262e-05 40960
3.0562e-05 40960
3.2281e-05 40960
1.0562e-05 40
1.0068e-05 40
1.0221e-05 40
1.0332e-05 40
1.8772e-05 9600
1.1614e-05 128
6.5447e-05 102400
1.2308e-05 128
0.000126058 204800
1.189e-05 256
2.2015e-05 40960
1.1178e-05 40
