1.8417e-05 1728
1.0655e-05 64
9.837e-06 64
9.302e-06 64
9.262e-06 64
9.311e-06 64
1.4335e-05 9216
9.568e-06 64
9.592e-06 64
9.041e-06 64
9.23e-06 64
8.885e-06 64
1.2309e-05 9216
9.394e-06 64
9.404e-06 64
9.109e-06 64
9.099e-06 64
8.793e-06 64
1.2312e-05 9216
9.587e-06 64
9.745e-06 64
9.049e-06 64
8.971e-06 64
9.037e-06 64
1.2005e-05 9216
8.836e-06 64
9.4e-06 64
9.116e-06 64
9.128e-06 64
8.909e-06 64
1.2159e-05 9216
9.558e-06 64
9.695e-06 64
9.089e-06 64
9.288e-06 64
8.92e-06 64
1.2255e-05 9216
9.079e-06 64
9.548e-06 64
8.959e-06 64
8.815e-06 64
9.193e-06 64
1.0154e-05 2048
9.393e-06 128
9.8e-06 128
9.103e-06 128
9.097e-06 128
9.061e-06 128
1.4202e-05 18432
9.401e-06 128
9.658e-06 128
9.147e-06 128
9.06e-06 128
9.106e-06 128
1.8935e-05 36864
9.355e-06 128
9.597e-06 128
9.122e-06 128
9.019e-06 128
9.085e-06 128
1.9681e-05 36864
9.383e-06 128
9.655e-06 128
9.263e-06 128
9.168e-06 128
9.228e-06 128
1.8354e-05 36864
9.468e-06 128
9.545e-06 128
9.354e-06 128
8.97e-06 128
9.089e-06 128
1.8937e-05 36864
9.176e-06 128
9.455e-06 128
8.948e-06 128
9.042e-06 128
9.38e-06 128
1.9384e-05 36864
9.186e-06 128
9.518e-06 128
9.175e-06 128
8.845e-06 128
8.826e-06 128
1.1527e-05 8192
9.061e-06 256
9.44e-06 256
8.818e-06 256
8.722e-06 256
8.934e-06 256
3.0475e-05 73728
9.699e-06 256
9.437e-06 256
8.993e-06 256
9.829e-06 256
9.231e-06 256
9.2148e-05 147456
9.527e-06 256
9.665e-06 256
9.54e-06 256
9.447e-06 256
8.856e-06 256
4.5028e-05 147456
9.339e-06 256
9.354e-06 256
9.211e-06 256
9.408e-06 256
9.085e-06 256
4.5104e-05 147456
9.447e-06 256
9.588e-06 256
8.999e-06 256
8.873e-06 256
9.111e-06 256
4.3862e-05 147456
9.172e-06 256
9.481e-06 256
9.556e-06 256
8.929e-06 256
9.002e-06 256
4.4304e-05 147456
1.0909e-05 256
9.505e-06 256
8.928e-06 256
8.886e-06 256
8.935e-06 256
1.0326e-05 2560
9.476e-06 40
0.000631025 1228800
0.000178557 400
0.00157795 6553600
2.2015e-05 32772
0.00159661 6553600
0.00187347 6553600
4.9769e-05 64
1.1783e-05 64
1.0262e-05 64
1.0611e-05 64
0.00184232 6553600
0.00185173 6553600
0.00186008 6553600
0.00184869 6553600
0.00187058 6553600
2.2532e-05 32772
0.00186823 6553600
0.00142167 6553600
4.5221e-05 64
1.1797e-05 64
1.0613e-05 64
9.988e-06 64
0.00183326 6553600
0.00186215 6553600
0.00183997 6553600
0.00180992 6553600
0.00186052 6553600
2.0783e-05 32772
0.00230977 6553600
0.00149464 6553600
5.0566e-05 64
1.2428e-05 64
1.0897e-05 64
1.0201e-05 64
0.00141075 6553600
0.00180904 6553600
0.00185891 6553600
0.0018105 6553600
0.00189976 6553600
0.00180889 6553600
0.00184559 6553600
2.0521e-05 32772
0.00187094 6553600
0.00142724 6553600
4.6287e-05 64
1.1584e-05 64
9.978e-06 64
1.031e-05 64
0.00183031 6553600
0.0018191 6553600
0.00186077 6553600
0.00182564 6553600
0.00186805 6553600
2.0798e-05 32772
0.00228268 6553600
0.00149806 6553600
4.4952e-05 64
1.2226e-05 64
1.0069e-05 64
1.0252e-05 64
0.00142624 6553600
0.00183511 6553600
0.00186984 6553600
0.00182862 6553600
0.00186619 6553600
0.00185588 6553600
0.00189177 6553600
2.1087e-05 32772
0.00184395 6553600
0.00145088 6553600
4.5507e-05 64
1.1917e-05 64
1.0288e-05 64
1.0253e-05 64
0.00181511 6553600
0.001855 6553600
0.00184197 6553600
0.00184081 6553600
0.00184653 6553600
2.1144e-05 32772
0.00231159 6553600
0.00148925 6553600
4.6168e-05 64
1.1482e-05 64
1.0226e-05 64
9.966e-06 64
0.00144201 6553600
0.00184796 6553600
0.0018482 6553600
0.00186424 6553600
0.0018763 6553600
0.00186879 6553600
8.41e-06 6553600
1.4943e-05 1548
0.000137296 6553600
0.00101021 3276800
2.8038e-05 128
1.2133e-05 128
1.0064e-05 128
1.0265e-05 128
0.00102135 3276800
0.00133502 3276800
0.00101476 3276800
1.3338e-05 3140
0.00148857 3276800
0.000996293 3276800
2.6635e-05 128
1.2151e-05 128
1.0493e-05 128
1.0015e-05 128
0.00100084 3276800
0.000972355 3276800
0.00094503 3276800
0.00136242 3276800
0.00101217 3276800
2.778e-05 65540
0.00148349 3276800
0.00101095 3276800
2.6726e-05 128
1.2456e-05 128
1.0343e-05 128
1.0562e-05 128
0.00133602 3276800
0.000993993 3276800
0.000971062 3276800
0.00101042 3276800
0.00104392 3276800
0.00135849 3276800
0.00100614 3276800
0.00132327 3276800
2.806e-05 65540
0.00114238 3276800
0.000990931 3276800
2.7195e-05 128
1.2229e-05 128
1.0486e-05 128
1.0059e-05 128
0.000975312 3276800
0.000942944 3276800
0.0013718 3276800
0.00102143 3276800
0.00136462 3276800
2.7802e-05 65540
0.00111805 3276800
0.00135406 3276800
2.7234e-05 128
1.1803e-05 128
1.0202e-05 128
1.0732e-05 128
0.00101634 3276800
0.000962789 3276800
0.000990229 3276800
0.0010177 3276800
0.00135713 3276800
0.00101357 3276800
0.00134889 3276800
6.505e-06 3276800
0.00102227 3276800
0.000971187 3276800
2.6933e-05 128
1.2003e-05 128
1.0236e-05 128
1.0205e-05 128
0.000930071 3276800
0.0013949 3276800
0.00101814 3276800
0.00132921 3276800
0.00101396 3276800
2.7611e-05 65540
0.00148875 3276800
0.00102282 3276800
2.5921e-05 128
1.1584e-05 128
1.0433e-05 128
9.925e-06 128
0.000970666 3276800
0.00101076 3276800
0.00103832 3276800
0.00134884 3276800
0.00102917 3276800
0.00136411 3276800
0.000751147 1638400
1.3101e-05 2276
0.000795123 1638400
0.00013802 3276800
1.5628e-05 256
1.1305e-05 256
1.0426e-05 256
1.023e-05 256
7.765e-06 3276800
0.000754297 1638400
0.000759197 1638400
1.3044e-05 2660
0.000862925 1638400
0.00075482 1638400
1.5138e-05 256
1.183e-05 256
1.0045e-05 256
1.0209e-05 256
0.000746954 1638400
0.000757517 1638400
0.000754541 1638400
0.000753461 1638400
0.000752982 1638400
7.0299e-05 262148
0.000957454 1638400
0.00078801 1638400
1.5591e-05 256
1.166e-05 256
1.03e-05 256
9.987e-06 256
0.000730863 1638400
0.000776339 1638400
0.000779708 1638400
0.000762662 1638400
0.000757739 1638400
0.000768629 1638400
7.738e-06 3276800
8.164e-06 3276800
7.1385e-05 262148
6.874e-06 3276800
0.000800597 1638400
1.6021e-05 256
1.1642e-05 256
1.0507e-05 256
1.0375e-05 256
0.000749468 1638400
0.000751359 1638400
0.000770862 1638400
0.000756288 1638400
0.000757655 1638400
0.000145948 262148
0.000952553 1638400
0.000767031 1638400
1.561e-05 256
1.1981e-05 256
1.0406e-05 256
1.0393e-05 256
0.000746429 1638400
0.00076336 1638400
0.000780418 1638400
0.000769068 1638400
0.000755895 1638400
0.000772546 1638400
0.000775444 1638400
6.987e-06 1638400
0.000972102 1638400
0.000742601 1638400
1.5018e-05 256
1.1514e-05 256
1.0505e-05 256
1.0264e-05 256
0.000732582 1638400
0.000757279 1638400
0.000754927 1638400
0.000767268 1638400
0.000781278 1638400
0.000158078 262148
0.000952789 1638400
0.000755998 1638400
1.5149e-05 256
1.1803e-05 256
1.0084e-05 256
1.0152e-05 256
0.00073645 1638400
0.000756609 1638400
0.00075795 1638400
0.00077095 1638400
0.000740992 1638400
0.000764348 1638400
1.8598e-05 25600
1.8209e-05 25600
2.7123e-05 25600
1.2072e-05 4000
1.1232e-05 400
1.1742e-05 4000
1.0553e-05 400
1.3224e-05 4000
1.1675e-05 4000
9.754e-06 400
1.0693e-05 40
1.1543e-05 4000
1.0528e-05 40
1.3777e-05 4000
9.71e-06 40
1.0312e-05 400
1.0758e-05 40
9.963e-06 40
1.129e-05 4000
1.0749e-05 40
1.0385e-05 400
1.0235e-05 400
1.1242e-05 40
1.4547e-05 4000
1.2786e-05 4000
1.2511e-05 4000
1.0592e-05 400
1.065e-05 40
1.2155e-05 400
2.4096e-05 25600
2.3503e-05 25600
1.1194e-05 2560
2.84e-06 4000
2.9565e-05 25600
4.951e-06 4000
2.398e-06 400
2.676e-06 4000
2.561e-06 400
2.5164e-05 25600
0.000747753 1638400
0.000764966 1638400
2.7778e-05 25600
0.000746727 1638400
2.9282e-05 25600
1.3608e-05 256
1.1968e-05 256
0.000744099 1638400
0.000804631 1638400
0.000759234 1638400
3.111e-06 400
2.644e-06 400
2.92e-06 400
2.625e-06 400
2.51e-06 400
2.401e-06 400
2.238e-06 400
0.000135546 147456
0.00015522 262148
0.00104046 1638400
0.000143509 262148
0.000943899 1638400
0.000754931 1638400
8.8448e-05 147456
1.165e-05 256
8.958e-05 147456
1.1717e-05 256
0.000734376 1638400
0.000751115 1638400
0.000769155 1638400
0.000761866 1638400
0.000742939 1638400
1.3415e-05 256
1.1975e-05 256
0.000758741 1638400
0.000790038 1638400
0.000758511 1638400
1.3147e-05 256
1.1893e-05 256
1.224e-05 256
1.1552e-05 256
1.1464e-05 256
1.1705e-05 256
0.000776977 1638400
1.2206e-05 256
0.000136081 147456
6.121e-06 1638400
0.000992201 1638400
5.15e-06 1638400
0.000982781 1638400
0.000742435 1638400
8.9449e-05 147456
1.1765e-05 256
8.8746e-05 147456
1.2176e-05 256
0.000757374 1638400
0.000781246 1638400
0.000731823 1638400
0.000753211 1638400
0.000768983 1638400
0.000777317 1638400
1.3352e-05 256
1.1565e-05 256
0.000738839 1638400
0.000821971 1638400
0.000778822 1638400
1.2962e-05 256
1.1599e-05 256
1.1849e-05 256
1.132e-05 256
1.1632e-05 256
1.1418e-05 256
1.1943e-05 256
0.000141164 147456
0.000142624 262148
0.00100592 1638400
0.000142593 262148
0.000942108 1638400
0.000725794 1638400
9.0582e-05 147456
1.2496e-05 256
8.9348e-05 147456
1.1925e-05 256
0.000733446 1638400
0.000751414 1638400
0.000764237 1638400
0.000777376 1638400
0.000748917 1638400
1.307e-05 256
1.1838e-05 256
0.000760572 1638400
6.297e-06 3276800
8.435e-06 3276800
1.3789e-05 256
1.2179e-05 256
1.221e-05 256
1.1644e-05 256
1.1292e-05 256
1.1487e-05 256
0.000758438 1638400
1.2004e-05 256
0.00013065 147456
0.000151317 262148
5.921e-06 3276800
0.000400258 262148
0.000949941 1638400
0.000791307 1638400
9.0758e-05 147456
1.1938e-05 256
9.4932e-05 147456
1.2048e-05 256
0.00073828 1638400
0.00077786 1638400
0.000743471 1638400
0.000782402 1638400
8.043e-06 3276800
0.000763023 1638400
1.3658e-05 256
1.16e-05 256
7.918e-06 3276800
0.000809769 1638400
0.000734652 1638400
1.2918e-05 256
1.1804e-05 256
1.1984e-05 256
1.1809e-05 256
1.159e-05 256
1.1629e-05 256
1.1515e-05 256
0.000131527 147456
0.000140069 262148
0.00102207 1638400
0.000143901 262148
0.000954804 1638400
0.000759886 1638400
8.8066e-05 147456
1.1906e-05 256
9.1028e-05 147456
1.2451e-05 256
7.175e-06 3276800
7.138e-06 3276800
0.00079415 1638400
0.000746444 1638400
0.000769578 1638400
1.3372e-05 256
1.1691e-05 256
0.000764894 1638400
0.000803928 1638400
0.000796165 1638400
1.3169e-05 256
1.1382e-05 256
1.215e-05 256
1.1861e-05 256
1.1355e-05 256
1.1742e-05 256
8.244e-06 3276800
1.1621e-05 256
6.648e-06 147456
3.983e-05 2660
0.000984378 1638400
1.4883e-05 2660
0.00275458 1638400
5.1381e-05 73728
1.1721e-05 256
5.1779e-05 73728
1.2222e-05 256
0.000750892 1638400
1.3722e-05 256
1.207e-05 256
7.987e-06 3276800
0.000833374 1638400
0.000728365 1638400
1.3257e-05 256
1.2081e-05 256
1.2252e-05 256
1.1519e-05 256
1.1704e-05 256
1.1534e-05 256
1.1912e-05 256
6.5187e-05 8192
1.1958e-05 2276
0.000921552 1638400
1.3909e-05 2276
0.00112216 3276800
0.00092532 3276800
1.7427e-05 8192
1.1895e-05 256
1.4851e-05 8192
1.1863e-05 256
7.822e-06 3276800
0.00100778 3276800
0.0013111 3276800
0.00100565 3276800
0.000761506 1638400
0.000783168 1638400
0.000753964 1638400
2.5101e-05 128
1.1613e-05 128
0.000997468 3276800
0.00146614 3276800
0.000994273 3276800
3.126e-06 256
2.529e-06 256
2.984e-06 256
2.58e-06 256
2.653e-06 256
2.425e-06 256
2.195e-06 256
0.00011291 25600
4.5144e-05 65540
0.00121097 3276800
2.9824e-05 65540
0.00110663 3276800
0.000980019 3276800
3.3362e-05 36864
1.1867e-05 128
3.3219e-05 36864
1.18e-05 128
0.00134687 3276800
0.00100588 3276800
0.00135193 3276800
0.00099698 3276800
0.000984502 3276800
2.5269e-05 128
1.151e-05 128
0.000966657 3276800
0.00111405 3276800
0.00131238 3276800
1.2873e-05 128
1.1766e-05 128
1.1868e-05 128
1.1718e-05 128
1.1627e-05 128
1.1267e-05 128
0.00103793 3276800
1.2108e-05 128
0.000115172 36864
6.894e-06 3276800
0.00133985 3276800
6.39e-06 3276800
0.00110546 3276800
0.000751539 1638400
3.3753e-05 36864
1.233e-05 128
3.3231e-05 36864
1.2023e-05 128
0.00134393 3276800
0.000741363 1638400
0.000757036 1638400
0.000775575 1638400
0.00130753 3276800
0.00104209 3276800
2.7198e-05 128
1.1593e-05 128
0.00135728 3276800
0.0010891 3276800
0.000966581 3276800
1.317e-05 128
1.1688e-05 128
1.1992e-05 128
1.1836e-05 128
1.1407e-05 128
1.1496e-05 128
1.1764e-05 128
0.000113729 36864
4.5398e-05 65540
0.00167592 3276800
4.5571e-05 65540
0.00114448 3276800
0.00132601 3276800
3.24e-05 36864
1.1679e-05 128
3.1938e-05 36864
1.1628e-05 128
0.00103145 3276800
0.00134256 3276800
0.00107142 3276800
0.0009609 3276800
0.0013557 3276800
2.5525e-05 128
1.1273e-05 128
0.000993309 3276800
0.00145601 3276800
0.000980608 3276800
1.3458e-05 128
1.2014e-05 128
1.1659e-05 128
1.1954e-05 128
1.1369e-05 128
1.0865e-05 128
0.00135988 3276800
1.1856e-05 128
0.00011207 36864
4.4626e-05 65540
0.00131236 3276800
4.4733e-05 65540
0.00112102 3276800
0.00132014 3276800
3.2566e-05 36864
1.1868e-05 128
2.3033e-05 36864
1.1467e-05 128
0.00100953 3276800
0.00136471 3276800
0.000978175 3276800
0.000996893 3276800
0.00101049 3276800
0.000792492 1638400
2.6432e-05 128
1.1789e-05 128
0.00134214 3276800
0.00111384 3276800
0.000964052 3276800
1.3309e-05 128
1.1621e-05 128
1.1996e-05 128
1.2051e-05 128
1.1705e-05 128
1.1227e-05 128
1.2069e-05 128
0.000116673 36864
4.5235e-05 65540
0.0017344 3276800
4.5926e-05 65540
0.00112412 3276800
0.00129844 3276800
3.3222e-05 36864
1.1788e-05 128
3.5073e-05 36864
1.1578e-05 128
0.00100087 3276800
0.00131703 3276800
0.00109936 3276800
0.000951212 3276800
0.00136973 3276800
2.6903e-05 128
1.1497e-05 128
0.00100729 3276800
0.00141774 3276800
0.00099637 3276800
1.359e-05 128
1.1257e-05 128
1.2203e-05 128
1.1624e-05 128
1.1725e-05 128
1.1168e-05 128
0.00135781 3276800
2.279e-05 128
5.427e-06 36864
7.7747e-05 3140
0.0013165 3276800
1.3367e-05 3140
0.00141235 3276800
2.3573e-05 18432
1.2079e-05 128
2.3271e-05 18432
1.1437e-05 128
0.00134202 3276800
2.5754e-05 128
1.1299e-05 128
0.00102383 3276800
6.842e-06 6553600
8.196e-06 6553600
1.3231e-05 128
1.2181e-05 128
1.2187e-05 128
1.1741e-05 128
1.1579e-05 128
1.3992e-05 128
1.2781e-05 128
5.233e-06 4000
7.2518e-05 1548
0.00101726 3276800
1.3036e-05 1548
0.00163683 6553600
0.00188085 6553600
1.3913e-05 2048
1.1548e-05 128
1.4901e-05 2048
1.2088e-05 128
0.00130064 3276800
0.00104157 3276800
0.00137742 3276800
0.00109495 3276800
0.000939335 3276800
0.00137745 3276800
0.000989184 3276800
4.5376e-05 64
1.1573e-05 64
0.00134271 3276800
0.00201609 6553600
0.00152609 6553600
3.319e-06 128
2.354e-06 128
2.7e-06 128
2.4e-06 128
2.502e-06 128
2.421e-06 128
2.183e-06 128
0.000320968 8192
2.0207e-05 32772
0.00221129 6553600
2.8275e-05 32772
0.00211769 6553600
0.000754752 1638400
1.7869e-05 9216
1.2014e-05 64
1.4222e-05 9216
1.2115e-05 64
0.00130128 3276800
0.00104293 3276800
0.00196072 6553600
0.000778901 1638400
0.00187885 6553600
4.5479e-05 64
1.2123e-05 64
0.00178742 6553600
0.00206778 6553600
0.00182541 6553600
1.3129e-05 64
1.1722e-05 64
1.2158e-05 64
1.1566e-05 64
1.1749e-05 64
1.1721e-05 64
0.00100362 3276800
1.3767e-05 64
0.000315791 9216
2.7602e-05 32772
0.00258245 6553600
3.0214e-05 32772
0.00211763 6553600
0.000959443 3276800
1.5652e-05 9216
1.1937e-05 64
1.4459e-05 9216
1.208e-05 64
0.00176116 6553600
0.0013304 3276800
0.00103868 3276800
0.0014058 3276800
0.00182215 6553600
0.000993313 3276800
4.5195e-05 64
1.1866e-05 64
0.00183691 6553600
0.00206577 6553600
0.000738751 1638400
1.3197e-05 64
1.1576e-05 64
1.1967e-05 64
1.1906e-05 64
1.1578e-05 64
1.1131e-05 64
2.2868e-05 64
0.000316916 9216
2.6689e-05 32772
0.00149087 1638400
2.8795e-05 32772
0.00217749 6553600
0.00181551 6553600
1.5364e-05 9216
1.1813e-05 64
1.7171e-05 9216
1.1539e-05 64
0.00186866 6553600
0.00184246 6553600
0.00152185 6553600
0.00144073 6553600
0.000771251 1638400
4.5091e-05 64
1.132e-05 64
0.000768006 1638400
0.00205157 6553600
0.00185311 6553600
1.3287e-05 64
1.1684e-05 64
1.1964e-05 64
1.1369e-05 64
1.1443e-05 64
1.1491e-05 64
0.00145872 6553600
1.8921e-05 64
0.000333762 9216
2.8784e-05 32772
0.0026109 6553600
2.7606e-05 32772
0.00215589 6553600
0.00181141 6553600
1.9593e-05 9216
1.2066e-05 64
1.72e-05 9216
1.2099e-05 64
0.000757438 1638400
0.00186109 6553600
0.00185914 6553600
0.00190264 6553600
0.00188763 6553600
0.00099777 3276800
4.4804e-05 64
1.1471e-05 64
0.00132553 3276800
0.00161512 6553600
0.000754955 1638400
1.3126e-05 64
1.171e-05 64
1.1668e-05 64
1.1512e-05 64
1.1439e-05 64
1.1503e-05 64
1.4177e-05 64
0.000320179 9216
2.6234e-05 32772
0.0014856 1638400
2.7172e-05 32772
0.00216727 6553600
0.00180848 6553600
1.7708e-05 9216
1.1853e-05 64
1.6564e-05 9216
1.1902e-05 64
0.00104731 3276800
0.000969812 3276800
0.00157446 6553600
0.00182417 6553600
0.000761208 1638400
4.4556e-05 64
1.1585e-05 64
0.000768774 1638400
0.00207966 6553600
0.00141672 6553600
1.3304e-05 64
1.1751e-05 64
1.243e-05 64
1.1885e-05 64
1.1495e-05 64
1.166e-05 64
0.0013328 3276800
2.3038e-05 64
0.000319217 9216
2.7392e-05 32772
0.00175514 3276800
3.0134e-05 32772
0.00214016 6553600
0.0018381 6553600
1.7321e-05 9216
1.1664e-05 64
2.4516e-05 9216
1.1841e-05 64
0.000753743 1638400
0.000784434 1638400
0.000783288 1638400
0.000841213 1638400
0.00101272 3276800
0.00139398 3276800
0.00194699 6553600
0.00149931 6553600
0.000753502 1638400
4.4689e-05 64
1.1028e-05 64
0.00078984 1638400
0.002039 6553600
0.00185666 6553600
1.2523e-05 64
1.14e-05 64
1.1707e-05 64
1.0995e-05 64
1.1267e-05 64
1.0861e-05 64
0.000996333 3276800
1.1791e-05 64
2.686e-06 2048
0.000271653 32772
0.00113497 1228800
2.8041e-05 32772
0.000619352 1228800
1.3363e-05 1728
1.1761e-05 64
1.4942e-05 1728
1.1272e-05 64
0.000754359 1638400
0.00062714 1228800
0.0014647 6553600
1.4001e-05 4000
1.1519e-05 400
1.0875e-05 4000
3.013e-06 4000
2.675e-06 400
2.336e-06 400
2.163e-06 400
2.213e-06 400
2.151e-06 400
1.4356e-05 9216
2.474e-06 400
2.273e-06 400
2.355e-06 400
2.08e-06 400
2.11e-06 400
1.6522e-05 9216
2.3e-06 400
2.377e-06 400
2.177e-06 400
2.23e-06 400
2.137e-06 400
1.3881e-05 9216
2.307e-06 400
2.18e-06 400
2.04e-06 400
2.089e-06 400
2.163e-06 400
1.3763e-05 9216
2.334e-06 400
2.27e-06 400
2.162e-06 400
2.175e-06 400
2.186e-06 400
1.4455e-05 9216
2.791e-06 400
2.289e-06 400
2.398e-06 400
2.316e-06 400
2.205e-06 400
1.3808e-05 9216
2.371e-06 400
2.114e-06 400
2.258e-06 400
2.125e-06 400
2.109e-06 400
2.56e-06 4000
2.248e-06 400
2.16e-06 400
2.229e-06 400
2.235e-06 400
2.103e-06 400
1.9912e-05 18432
2.37e-06 400
2.226e-06 400
2.066e-06 400
2.191e-06 400
2.124e-06 400
2.3204e-05 18432
2.242e-06 400
2.164e-06 400
2.135e-06 400
2.167e-06 400
2.119e-06 400
2.0142e-05 18432
2.275e-06 400
2.193e-06 400
2.128e-06 400
2.114e-06 400
2.231e-06 400
2.0327e-05 18432
2.278e-06 400
2.212e-06 400
2.132e-06 400
2.095e-06 400
2.109e-06 400
1.9255e-05 18432
2.167e-06 400
2.232e-06 400
2.156e-06 400
2.096e-06 400
2.24e-06 400
1.917e-05 18432
2.482e-06 400
2.223e-06 400
2.615e-06 400
2.124e-06 400
2.233e-06 400
4.917e-06 9216
2.123e-06 400
2.186e-06 400
2.133e-06 400
2.17e-06 400
2.205e-06 400
5.0718e-05 73728
2.343e-06 400
2.193e-06 400
2.156e-06 400
2.302e-06 400
2.056e-06 400
8.421e-06 3276800
2.898e-06 400
2.479e-06 400
2.29e-06 400
2.232e-06 400
2.15e-06 400
8.653e-06 3276800
2.645e-06 400
2.573e-06 400
2.34e-06 400
2.254e-06 400
2.121e-06 400
7.335e-06 3276800
2.75e-06 400
2.542e-06 400
2.282e-06 400
2.293e-06 400
2.281e-06 400
7.68e-06 3276800
2.838e-06 400
2.503e-06 400
2.32e-06 400
2.346e-06 400
2.364e-06 400
8.469e-06 3276800
2.762e-06 400
2.617e-06 400
2.471e-06 400
2.24e-06 400
2.266e-06 400
2.657e-06 4000
2.332e-06 400
3.067e-06 2048
2.241e-06 4000
2.165e-06 4000
1.891e-06 4000
1.2082e-05 1728
1.205e-05 64
1.93e-06 400
1.761e-06 400
1.663e-06 400
1.0498e-05 64
1.1198e-05 64
9.989e-06 64
1.0258e-05 64
9.689e-06 64
1.0264e-05 64
1.0997e-05 64
9.865e-06 64
9.687e-06 64
9.331e-06 64
9.974e-06 64
1.3892e-05 9216
1.3866e-05 9216
1.3929e-05 9216
1.4838e-05 9216
1.5913e-05 9216
1.1168e-05 64
9.581e-06 64
9.931e-06 64
9.616e-06 64
1.0508e-05 64
1.1066e-05 64
9.792e-06 64
9.526e-06 64
9.734e-06 64
1.0434e-05 64
1.1252e-05 64
1.0017e-05 64
9.706e-06 64
9.651e-06 64
9.939e-06 64
1.412e-05 9216
1.2458e-05 9216
1.4519e-05 9216
1.5028e-05 9216
1.4892e-05 9216
1.1981e-05 64
1.0027e-05 64
9.808e-06 64
1.8122e-05 64
9.857e-06 64
1.1181e-05 64
9.776e-06 64
9.769e-06 64
9.628e-06 64
1.0365e-05 64
1.0927e-05 64
9.595e-06 64
9.806e-06 64
9.531e-06 64
1.031e-05 64
1.6564e-05 9216
1.2265e-05 9216
1.4926e-05 9216
1.3773e-05 9216
1.4101e-05 9216
1.1573e-05 64
9.892e-06 64
9.505e-06 64
9.622e-06 64
9.987e-06 64
1.0909e-05 64
9.658e-06 64
1.0051e-05 64
9.535e-06 64
1.0332e-05 64
1.1036e-05 64
9.837e-06 64
9.793e-06 64
9.316e-06 64
1.0124e-05 64
1.3908e-05 9216
1.4747e-05 9216
1.4464e-05 9216
1.4167e-05 9216
1.5642e-05 9216
1.179e-05 64
9.963e-06 64
9.749e-06 64
9.923e-06 64
1.0346e-05 64
1.1667e-05 64
9.975e-06 64
9.723e-06 64
9.829e-06 64
1.0142e-05 64
1.1071e-05 64
9.708e-06 64
9.524e-06 64
9.655e-06 64
9.859e-06 64
1.4084e-05 9216
1.4024e-05 9216
1.4141e-05 9216
1.3275e-05 9216
1.4796e-05 9216
1.1419e-05 64
9.858e-06 64
9.947e-06 64
9.699e-06 64
1.0395e-05 64
1.0962e-05 64
9.615e-06 64
9.895e-06 64
9.635e-06 64
1.0158e-05 64
1.1215e-05 64
1.0175e-05 64
9.94e-06 64
9.68e-06 64
1.012e-05 64
1.3717e-05 8192
1.4525e-05 9216
1.4435e-05 9216
1.3898e-05 9216
1.5402e-05 9216
3.089e-06 128
9.98e-06 64
1.084e-05 64
9.736e-06 64
1.0402e-05 64
1.1841e-05 64
1.0039e-05 64
1.0089e-05 64
9.579e-06 64
1.0418e-05 64
1.1049e-05 64
1.0066e-05 64
9.403e-06 64
9.942e-06 64
1.0243e-05 64
3.148e-06 4000
1.0571e-05 2048
1.045e-05 2048
1.024e-05 2048
1.1246e-05 2048
1.1515e-05 128
9.709e-06 128
9.894e-06 128
9.671e-06 128
1.0156e-05 128
1.1178e-05 128
9.753e-06 128
9.774e-06 128
9.559e-06 128
1.0502e-05 128
1.1336e-05 128
9.665e-06 128
9.866e-06 128
9.298e-06 128
1.0175e-05 128
6.724e-06 36864
1.5015e-05 18432
1.9805e-05 18432
2.0461e-05 18432
1.9727e-05 18432
1.1423e-05 128
1.0009e-05 128
9.908e-06 128
9.708e-06 128
1.0808e-05 128
1.1163e-05 128
9.694e-06 128
9.887e-06 128
9.388e-06 128
1.0297e-05 128
1.1608e-05 128
1.0202e-05 128
1.0121e-05 128
9.721e-06 128
1.0407e-05 128
3.1148e-05 36864
2.9372e-05 36864
2.7852e-05 36864
2.7747e-05 36864
3.0297e-05 36864
1.1744e-05 128
9.727e-06 128
1.0092e-05 128
9.627e-06 128
1.0044e-05 128
1.1424e-05 128
9.734e-06 128
9.692e-06 128
9.497e-06 128
1.0584e-05 128
1.1214e-05 128
1.0547e-05 128
9.798e-06 128
9.907e-06 128
1.0164e-05 128
2.9351e-05 36864
2.7317e-05 36864
2.7464e-05 36864
3.0434e-05 36864
2.8509e-05 36864
1.1187e-05 128
9.847e-06 128
9.545e-06 128
9.715e-06 128
1.0829e-05 128
1.123e-05 128
9.788e-06 128
1.023e-05 128
9.317e-06 128
1.033e-05 128
1.1423e-05 128
9.788e-06 128
1e-05 128
9.448e-06 128
1.0389e-05 128
2.7496e-05 36864
2.9296e-05 36864
3.0386e-05 36864
2.7592e-05 36864
3.0049e-05 36864
1.1592e-05 128
9.839e-06 128
1.0018e-05 128
9.832e-06 128
1.0329e-05 128
1.1633e-05 128
1.0186e-05 128
1.002e-05 128
9.746e-06 128
1.0263e-05 128
1.1293e-05 128
9.769e-06 128
9.95e-06 128
9.805e-06 128
1.0155e-05 128
2.9613e-05 36864
3.057e-05 36864
2.896e-05 36864
2.8164e-05 36864
2.8683e-05 36864
1.1435e-05 128
9.822e-06 128
1.0126e-05 128
9.54e-06 128
1.1271e-05 128
1.1233e-05 128
9.656e-06 128
9.749e-06 128
9.34e-06 128
9.695e-06 128
1.1377e-05 128
9.925e-06 128
9.678e-06 128
9.62e-06 128
1.0239e-05 128
2.5745e-05 25600
2.958e-05 36864
2.7863e-05 36864
2.6857e-05 36864
3.1817e-05 36864
3e-06 256
9.93e-06 128
1.0724e-05 128
9.752e-06 128
9.997e-06 128
1.2418e-05 128
1.0157e-05 128
9.613e-06 128
9.809e-06 128
1.0301e-05 128
1.1113e-05 128
9.714e-06 128
1.0046e-05 128
9.68e-06 128
1.0377e-05 128
1.3387e-05 8192
1.3758e-05 8192
1.3991e-05 8192
1.3577e-05 8192
1.3877e-05 8192
1.1472e-05 256
9.746e-06 256
9.67e-06 256
9.78e-06 256
1.0843e-05 256
1.1459e-05 256
9.927e-06 256
9.87e-06 256
9.962e-06 256
1.0486e-05 256
1.1649e-05 256
9.975e-06 256
9.959e-06 256
9.787e-06 256
1.0441e-05 256
7.211e-06 147456
4.7653e-05 73728
4.7768e-05 73728
4.7085e-05 73728
4.863e-05 73728
1.1652e-05 256
9.942e-06 256
9.44e-06 256
9.401e-06 256
1.0686e-05 256
1.1331e-05 256
9.996e-06 256
9.879e-06 256
9.613e-06 256
1.0317e-05 256
1.1079e-05 256
1.0213e-05 256
1.0067e-05 256
9.76e-06 256
1.0181e-05 256
8.5299e-05 147456
7.661e-06 3276800
5.629e-06 3276800
4.832e-06 3276800
8.667e-05 147456
1.2452e-05 256
9.949e-06 256
1.0073e-05 256
9.682e-06 256
1.1151e-05 256
1.1341e-05 256
1.0043e-05 256
9.686e-06 256
9.851e-06 256
1.0075e-05 256
3.8469e-05 256
1.0604e-05 256
9.806e-06 256
9.556e-06 256
1.0215e-05 256
9.8307e-05 147456
8.3742e-05 147456
8.5888e-05 147456
8.2943e-05 147456
8.5066e-05 147456
1.1532e-05 256
1.0205e-05 256
9.994e-06 256
9.704e-06 256
1.0426e-05 256
1.1589e-05 256
1.0175e-05 256
9.769e-06 256
9.653e-06 256
1.7608e-05 256
1.1099e-05 256
9.659e-06 256
9.598e-06 256
9.619e-06 256
1.0275e-05 256
8.5611e-05 147456
8.548e-05 147456
8.4764e-05 147456
8.2953e-05 147456
8.6032e-05 147456
1.1548e-05 256
9.633e-06 256
9.821e-06 256
9.819e-06 256
1.0686e-05 256
1.1476e-05 256
9.795e-06 256
9.733e-06 256
9.579e-06 256
1.0244e-05 256
1.1263e-05 256
1.0196e-05 256
1.0048e-05 256
9.791e-06 256
1.0149e-05 256
8.7095e-05 147456
8.6103e-05 147456
8.3598e-05 147456
8.484e-05 147456
8.8812e-05 147456
1.1488e-05 256
9.902e-06 256
9.903e-06 256
9.849e-06 256
1.0508e-05 256
1.2217e-05 256
1.0102e-05 256
9.837e-06 256
9.773e-06 256
1.0086e-05 256
2.223e-05 256
1.0165e-05 256
9.742e-06 256
9.516e-06 256
9.691e-06 256
8.8554e-05 147456
8.6833e-05 147456
8.6827e-05 147456
8.4974e-05 147456
8.5649e-05 147456
2.898e-06 400
9.991e-06 256
9.989e-06 256
9.65e-06 256
1.0343e-05 256
1.1186e-05 256
1.0104e-05 256
1.0016e-05 256
9.664e-06 256
1.0208e-05 256
1.101e-05 256
9.689e-06 256
9.925e-06 256
9.765e-06 256
1.0227e-05 256
1.2358e-05 2560
2.187e-06 4000
2.201e-06 4000
1.907e-06 4000
1.1523e-05 2560
1.1609e-05 40
1.0607e-05 40
1.0212e-05 40
9.896e-06 40
1.0426e-05 40
1.3514e-05 1728
1.1816e-05 64
1.1642e-05 64
1.1077e-05 64
1.141e-05 64
1.1366e-05 64
1.4276e-05 9216
1.0987e-05 64
1.1052e-05 64
1.0873e-05 64
1.0979e-05 64
1.0913e-05 64
1.573e-05 9216
1.0926e-05 64
1.1179e-05 64
1.1264e-05 64
1.0912e-05 64
1.0883e-05 64
1.4093e-05 9216
1.0983e-05 64
1.0976e-05 64
1.0691e-05 64
1.1086e-05 64
1.0753e-05 64
1.378e-05 9216
1.1154e-05 64
1.0968e-05 64
1.0907e-05 64
1.1193e-05 64
1.0937e-05 64
1.3698e-05 9216
1.1223e-05 64
1.1054e-05 64
1.0999e-05 64
1.0774e-05 64
1.1341e-05 64
1.3566e-05 9216
1.0772e-05 64
1.0874e-05 64
1.0812e-05 64
1.1111e-05 64
1.0911e-05 64
1.1852e-05 1728
1.1141e-05 64
1.1312e-05 64
1.1007e-05 64
1.1063e-05 64
1.1261e-05 64
2.1228e-05 18432
1.1133e-05 64
1.0999e-05 64
1.0516e-05 64
1.1033e-05 64
1.0411e-05 64
1.993e-05 18432
1.1302e-05 64
1.1186e-05 64
1.1205e-05 64
1.0729e-05 64
1.0496e-05 64
2.0768e-05 18432
1.118e-05 64
1.0691e-05 64
1.0565e-05 64
1.0507e-05 64
1.075e-05 64
2.0187e-05 18432
1.1162e-05 64
1.0943e-05 64
1.1145e-05 64
1.1126e-05 64
1.1026e-05 64
1.9182e-05 18432
1.063e-05 64
1.1085e-05 64
1.0525e-05 64
1.0695e-05 64
1.0514e-05 64
2.1506e-05 18432
1.0942e-05 64
1.0867e-05 64
1.0474e-05 64
1.0855e-05 64
1.064e-05 64
6.687e-06 9216
1.0595e-05 64
1.0652e-05 64
1.1052e-05 64
1.0785e-05 64
1.089e-05 64
4.8343e-05 73728
1.1075e-05 64
1.0565e-05 64
1.0884e-05 64
1.0892e-05 64
1.0969e-05 64
5.0322e-05 73728
1.1159e-05 64
1.2236e-05 64
1.105e-05 64
1.09e-05 64
1.0734e-05 64
4.7003e-05 73728
1.1023e-05 64
1.0946e-05 64
1.0855e-05 64
1.1107e-05 64
1.0908e-05 64
4.9193e-05 73728
1.0763e-05 64
1.1185e-05 64
1.136e-05 64
1.1013e-05 64
1.0807e-05 64
4.9158e-05 73728
1.0829e-05 64
1.0378e-05 64
1.0676e-05 64
1.0873e-05 64
1.0545e-05 64
4.9028e-05 73728
1.084e-05 64
1.1255e-05 64
1.1054e-05 64
1.0443e-05 64
1.047e-05 64
1.2447e-05 1728
2.61e-06 64
1.3917e-05 256
1.0351e-05 256
4.5535e-05 147456
9.573e-06 256
4.4198e-05 147456
9.734e-06 256
9.594e-06 256
4.487e-05 147456
9.922e-06 256
9.34e-06 256
9.679e-06 256
9.566e-06 256
9.712e-06 256
9.65e-06 256
1.1646e-05 8192
8.901e-06 256
9.241e-06 128
2.401e-06 4000
9.356e-06 128
9.326e-06 256
9.68e-06 128
9.541e-06 128
9.129e-06 128
1.8809e-05 36864
2.748e-05 73728
9.901e-06 128
9.593e-06 256
9.405e-06 64
9.777e-06 64
9.653e-06 128
9.229e-06 64
9.589e-06 64
9.641e-06 64
9.035e-06 64
9.861e-06 256
1.2084e-05 9216
9.498e-06 256
9.616e-06 128
9.407e-06 64
9.776e-06 64
9.267e-06 64
1.8638e-05 36864
9.74e-06 64
9.257e-06 40
9.344e-06 64
1.184e-05 9216
2.347e-06 4000
9.977e-06 256
9.695e-06 128
9.49e-06 64
9.464e-06 256
9.145e-06 128
1.1927e-05 9216
9.525e-06 64
9.284e-06 128
1.869e-05 36864
9.467e-06 128
1.2234e-05 9216
9.646e-06 128
1.793e-06 400
9.826e-06 64
9.724e-06 256
2.0733e-05 64
9.699e-06 256
9.561e-06 128
9.91e-06 64
9.443e-06 64
1.9386e-05 36864
4.4946e-05 147456
1.0988e-05 64
1.2881e-05 9216
1.0143e-05 64
1.2537e-05 9216
9.478e-06 128
9.681e-06 256
0.000153815 3276800
1.3617e-05 64
1.159e-05 2048
1.5168e-05 18432
9.679e-06 128
9.604e-06 128
9.544e-06 128
9.647e-06 128
9.719e-06 128
9.694e-06 128
1.8595e-05 36864
0.000448474 1228800
1.3869e-05 400
1.2508e-05 2560
2.357e-06 400
4.4591e-05 147456
1.0624e-05 256
4.2729e-05 147456
1.0314e-05 256
4.1954e-05 147456
1.0548e-05 256
4.2402e-05 147456
1.0124e-05 256
4.2485e-05 147456
1.0392e-05 256
2.258e-06 147456
9.805e-06 256
1.2427e-05 8192
1.949e-06 256
1.6964e-05 25600
1.0157e-05 128
1.8554e-05 36864
9.887e-06 128
1.8773e-05 36864
2.1881e-05 128
1.8781e-05 36864
1.076e-05 128
1.8903e-05 36864
1.0523e-05 128
2.275e-06 36864
1.0274e-05 128
2.577e-06 4000
2.041e-06 128
1.2387e-05 8192
9.729e-06 64
1.228e-05 9216
9.625e-06 64
1.2097e-05 9216
9.726e-06 64
1.2216e-05 9216
9.429e-06 64
1.2249e-05 9216
9.586e-06 64
1.2098e-05 9216
9.572e-06 64
2.479e-06 2048
1.0219e-05 40
4.5464e-05 32772
1.1567e-05 64
1.2737e-05 1728
2.0252e-05 32772
1.0582e-05 64
1.3098e-05 9216
1.1422e-05 256
1.0019e-05 256
9.787e-06 256
9.559e-06 256
9.707e-06 256
9.673e-06 256
9.825e-06 256
9.699e-06 256
1.0683e-05 256
9.587e-06 256
9.771e-06 256
1.0096e-05 256
9.796e-06 256
9.714e-06 256
9.599e-06 256
9.703e-06 256
0.000159212 1638400
1.0147e-05 256
4.2575e-05 147456
2.6618e-05 65540
1.0786e-05 128
1.8691e-05 36864
1.9306e-05 32772
1.0223e-05 64
1.364e-05 9216
1.2079e-05 64
1.0323e-05 64
9.723e-06 64
1.0031e-05 64
9.97e-06 64
9.747e-06 64
9.568e-06 64
9.733e-06 64
1.0342e-05 64
9.757e-06 64
9.678e-06 64
9.81e-06 64
9.565e-06 64
9.44e-06 64
9.763e-06 64
9.864e-06 64
2.0696e-05 32772
9.515e-06 64
1.2792e-05 9216
1.013e-05 64
9.651e-06 64
9.623e-06 64
9.556e-06 64
9.391e-06 64
9.523e-06 64
9.693e-06 64
9.523e-06 64
1.0316e-05 64
9.656e-06 64
9.264e-06 64
9.9e-06 64
1.0028e-05 64
9.776e-06 64
9.582e-06 64
9.739e-06 64
1.1244e-05 128
9.678e-06 128
9.48e-06 128
9.63e-06 128
9.129e-06 128
9.836e-06 128
9.662e-06 128
9.344e-06 128
1.0577e-05 128
9.761e-06 128
9.614e-06 128
9.186e-06 128
9.458e-06 128
9.743e-06 128
9.394e-06 128
9.315e-06 128
1.0781e-05 128
9.848e-06 128
9.9e-06 128
9.777e-06 128
9.48e-06 128
9.776e-06 128
9.716e-06 128
9.769e-06 128
0.000154469 3276800
1.0385e-05 128
1.8554e-05 36864
1.3017e-05 3140
9.407e-06 128
1.5535e-05 18432
1.2209e-05 1548
9.656e-06 128
1.0873e-05 2048
0.000227552 262148
1.0568e-05 256
4.1943e-05 147456
1.0933e-05 64
9.677e-06 64
9.527e-06 64
9.853e-06 64
9.861e-06 64
9.574e-06 64
9.464e-06 64
9.488e-06 64
8.3478e-05 262148
1.0095e-05 256
4.8195e-05 147456
2.7624e-05 65540
1.0055e-05 128
1.9609e-05 36864
1.0606e-05 64
9.976e-06 64
9.699e-06 64
9.552e-06 64
9.712e-06 64
6.3952e-05 64
1.072e-05 64
9.917e-06 64
1.1123e-05 128
1.0286e-05 128
9.936e-06 128
9.568e-06 128
1.9357e-05 128
9.326e-06 128
9.925e-06 128
9.864e-06 128
2.9204e-05 65540
1.3998e-05 128
2.1089e-05 36864
1.1118e-05 40
1.0877e-05 2560
2.016e-05 32772
9.913e-06 64
1.2394e-05 9216
1.058e-05 64
9.631e-06 64
9.316e-06 64
9.224e-06 64
9.448e-06 64
9.269e-06 64
9.819e-06 64
9.719e-06 64
1.3682e-05 2660
1.0585e-05 256
2.972e-05 73728
1.2512e-05 2276
1.3009e-05 256
1.4432e-05 8192
8.0519e-05 262148
1.3291e-05 256
4.9492e-05 147456
1.1075e-05 256
9.899e-06 256
9.897e-06 256
9.845e-06 256
9.684e-06 256
9.896e-06 256
9.502e-06 256
9.71e-06 256
3.0681e-05 65540
1.0147e-05 128
1.9418e-05 36864
1.0665e-05 256
9.336e-06 256
9.619e-06 256
1.0053e-05 256
9.645e-06 256
9.835e-06 256
9.458e-06 256
9.534e-06 256
1.0769e-05 256
9.903e-06 256
9.508e-06 256
9.569e-06 256
9.306e-06 256
9.568e-06 256
9.529e-06 256
9.756e-06 256
8.0615e-05 262148
1.2677e-05 256
4.9061e-05 147456
1.3182e-05 256
1.0132e-05 256
9.9e-06 256
9.667e-06 256
9.392e-06 256
9.671e-06 256
9.366e-06 256
9.515e-06 256
2.1373e-05 32772
9.839e-06 64
1.2612e-05 9216
1.0756e-05 256
9.627e-06 256
9.86e-06 256
9.495e-06 256
9.986e-06 256
9.374e-06 256
9.256e-06 256
9.378e-06 256
1.0579e-05 128
1.0465e-05 128
9.633e-06 128
9.632e-06 128
9.642e-06 128
9.148e-06 128
9.154e-06 128
9.765e-06 128
2.1796e-05 32772
1.0038e-05 64
1.2544e-05 9216
1.3266e-05 128
1.0228e-05 128
9.656e-06 128
9.69e-06 128
9.436e-06 128
9.62e-06 128
9.569e-06 128
9.181e-06 128
1.0542e-05 128
9.887e-06 128
9.582e-06 128
9.265e-06 128
9.254e-06 128
9.403e-06 128
9.303e-06 128
9.455e-06 128
