2.0453e-05 6912
1.0807e-05 256
1.0094e-05 256
9.916e-06 256
9.797e-06 256
9.769e-06 256
4.8994e-05 147456
9.669e-06 256
9.832e-06 256
9.76e-06 256
9.427e-06 256
9.368e-06 256
9.3326e-05 294912
3.6983e-05 512
9.87e-06 512
9.388e-06 512
9.543e-06 512
9.232e-06 512
0.000158029 589824
8.3066e-05 512
9.949e-06 512
9.387e-06 512
9.218e-06 512
9.439e-06 512
0.000292676 1179648
0.000162008 1024
1.0056e-05 1024
1.0158e-05 1024
9.933e-06 1024
1.0285e-05 1024
0.00101313 2359296
0.000171465 1024
1.0785e-05 1024
9.644e-06 1024
1.0095e-05 1024
9.676e-06 1024
0.000455637 2359296
0.000173905 1024
1.0594e-05 1024
9.962e-06 1024
9.811e-06 1024
9.532e-06 1024
0.00117957 4718592
1.2446e-05 2048
1.1011e-05 2048
1.0038e-05 2048
1.0617e-05 2048
1.0144e-05 2048
0.00259038 9437184
0.00022994 2048
1.0934e-05 2048
1.0259e-05 2048
9.851e-06 2048
1.017e-05 2048
0.0015979 9437184
0.000229579 2048
1.1384e-05 2048
1.0339e-05 2048
1.0213e-05 2048
1.0156e-05 2048
0.00160548 9437184
0.000238756 2048
1.0893e-05 2048
1.0131e-05 2048
1.008e-05 2048
1.0015e-05 2048
0.00160214 9437184
0.000229753 2048
1.1172e-05 2048
9.999e-06 2048
9.529e-06 2048
9.8e-06 2048
0.00160375 9437184
0.00023992 2048
1.0658e-05 2048
1.0134e-05 2048
1.0106e-05 2048
1.0181e-05 2048
0.000235085 1048576
0.000162131 2048
1.1002e-05 2048
1.0245e-05 2048
9.705e-06 2048
9.834e-06 2048
1.4691e-05 20480
9.791e-06 40
0.000259018 1228800
0.000169998 400
0.005579 26214400
4.144e-05 131076
0.00605741 26214400
0.00571502 26214400
0.000174264 256
1.2326e-05 256
1.055e-05 256
9.97e-06 256
0.00586181 26214400
0.00611007 26214400
0.00598964 26214400
0.00573148 26214400
8.537e-06 26214400
0.00121014 819200
0.00542362 26214400
0.0061287 26214400
0.00551148 26214400
0.00601629 26214400
7.8939e-05 262148
0.00689913 26214400
0.00609541 26214400
0.000175677 256
1.2276e-05 256
1.0118e-05 256
9.959e-06 256
0.00556222 26214400
0.00653399 26214400
0.00558938 26214400
0.00613564 26214400
8.506e-06 26214400
0.00108192 6553600
0.00193805 6553600
0.000127221 524292
0.00255019 6553600
0.00323531 13107200
9.0899e-05 512
1.1474e-05 512
9.951e-06 512
9.729e-06 512
0.00314272 13107200
0.00295236 13107200
0.00317484 13107200
0.00322096 13107200
0.000150777 638976
0.000851632 409600
0.00314736 13107200
0.0028218 13107200
0.00311812 13107200
0.00322689 13107200
0.000234071 1048580
0.00448356 13107200
0.00284065 13107200
9.7048e-05 512
1.1852e-05 512
1.0186e-05 512
9.84e-06 512
0.00312072 13107200
0.00338692 13107200
0.00327556 13107200
0.00280485 13107200
8.522e-06 13107200
0.00056558 3276800
0.00133902 3276800
0.000396589 2097156
0.0022999 3276800
0.00182387 6553600
4.5919e-05 1024
1.2351e-05 1024
1.0454e-05 1024
9.961e-06 1024
0.00184551 6553600
0.00186783 6553600
0.00185436 6553600
0.0014927 6553600
8.247e-06 6553600
0.000803799 204800
0.00180923 6553600
0.00182253 6553600
0.00184131 6553600
0.0018227 6553600
7.126e-06 6553600
0.00451689 6553600
0.00149128 6553600
4.567e-05 1024
1.1742e-05 1024
1.0663e-05 1024
1.0136e-05 1024
0.00177407 6553600
0.00186047 6553600
0.00185444 6553600
0.00183347 6553600
0.000150629 638976
0.000777017 204800
0.00184207 6553600
0.00182749 6553600
0.00183815 6553600
0.00147827 6553600
6.894e-06 6553600
0.00444685 6553600
0.00184905 6553600
4.5672e-05 1024
1.1759e-05 1024
1.0311e-05 1024
1.0435e-05 1024
0.00183213 6553600
0.00187339 6553600
0.00186105 6553600
0.00187206 6553600
0.000765581 1638400
9.525e-06 6553600
0.00103819 3276800
0.00183417 6553600
0.00348292 3276800
0.00130663 3276800
2.7013e-05 2048
1.2121e-05 2048
1.0521e-05 2048
1.0082e-05 2048
0.00102741 3276800
0.00134621 3276800
0.00102646 3276800
0.00130633 3276800
0.000352471 638976
0.000683517 102400
0.00134242 3276800
0.00100122 3276800
0.00137203 3276800
0.0010146 3276800
0.000956198 3276800
0.00687517 3276800
0.000988889 3276800
2.7752e-05 2048
1.1979e-05 2048
1.0586e-05 2048
1.0401e-05 2048
0.00137394 3276800
0.0010259 3276800
0.00140174 3276800
0.00101934 3276800
0.000140381 3276800
0.000662077 102400
0.000986602 3276800
0.00104831 3276800
0.00133453 3276800
0.00101087 3276800
0.00137627 3276800
0.00616178 3276800
0.0013442 3276800
2.7937e-05 2048
1.2214e-05 2048
1.0424e-05 2048
1.0229e-05 2048
0.00100426 3276800
0.000985594 3276800
0.00134199 3276800
0.000981843 3276800
8.215e-06 3276800
0.000434803 819200
0.000429612 819200
0.000418607 819200
0.00326709 819200
0.000437367 819200
1.4953e-05 2048
1.1851e-05 2048
1.0888e-05 2048
1.0136e-05 2048
0.000432398 819200
0.00042177 819200
0.000440968 819200
0.0004305 819200
7.523e-06 819200
0.000590064 25600
0.00041887 819200
0.000429111 819200
0.000438008 819200
0.000427335 819200
0.000417857 819200
0.00323814 819200
0.000432654 819200
1.4761e-05 2048
1.1737e-05 2048
1.0477e-05 2048
1.0487e-05 2048
0.000430777 819200
0.000422533 819200
0.000441901 819200
0.000431377 819200
8.317e-06 819200
0.000595069 25600
0.000417672 819200
0.000429388 819200
0.000451221 819200
0.0004278 819200
0.000429796 819200
0.00315664 819200
0.000430112 819200
1.4409e-05 2048
1.2134e-05 2048
1.0193e-05 2048
1.0071e-05 2048
0.000430816 819200
0.000421147 819200
0.000447014 819200
0.000430826 819200
7.565e-06 819200
5.8406e-05 204800
0.000121925 204800
0.000346741 638976
0.000839512 6400
0.000117266 204800
0.000120136 204800
0.000118543 204800
2.9985e-05 400
0.000119795 204800
1.0008e-05 400
0.000119223 204800
1.1409e-05 2048
1.1066e-05 2048
1.0589e-05 2048
9.955e-06 2048
0.000119656 204800
0.000157556 204800
0.000126244 204800
0.000132054 204800
0.000123029 204800
0.000605186 6400
0.000115421 204800
0.000118857 204800
0.000135524 204800
1.1761e-05 4000
2.8817e-05 400
1.1218e-05 4000
9.815e-06 400
1.2228e-05 4000
2.2665e-05 4000
9.762e-06 400
1.052e-05 40
1.1239e-05 4000
9.941e-06 40
1.0886e-05 4000
9.632e-06 40
1.0491e-05 400
1.9784e-05 40
9.709e-06 40
1.0609e-05 4000
9.414e-06 40
9.849e-06 400
9.637e-06 400
1.1046e-05 40
1.1529e-05 4000
1.2307e-05 4000
1.1939e-05 4000
1.0488e-05 400
1.0274e-05 40
1.0389e-05 400
0.000116638 204800
0.000127585 204800
2.0631e-05 20480
2.8178e-05 20480
0.000114214 204800
0.000119478 204800
2.1946e-05 20480
2.673e-06 400
2.3308e-05 20480
2.859e-06 400
1.5849e-05 6400
0.000116285 204800
0.000128669 204800
0.000127311 204800
0.000121614 204800
0.000119091 204800
0.00011713 204800
0.000127992 204800
1.1764e-05 2048
1.3394e-05 2048
0.000116181 204800
0.000245237 204800
0.000116195 204800
4.898e-06 4000
2.691e-06 4000
2.72e-06 4000
2.832e-06 4000
2.622e-06 4000
2.986e-06 4000
0.000129024 204800
1.1864e-05 400
2.471e-06 4000
1.238e-05 400
0.000117191 204800
0.000175365 204800
0.000541728 1048576
0.000562862 1048576
0.000119206 204800
0.000120379 204800
0.00054441 1048576
1.3012e-05 2048
0.000547743 1048576
1.3265e-05 2048
0.000118816 204800
1.2235e-05 6400
0.000117708 204800
0.000119528 204800
0.000127909 204800
0.000121754 204800
8.221e-06 1048576
0.000732299 819200
8.709e-06 819200
0.000428057 819200
0.00013031 204800
0.000119029 204800
0.000421731 819200
0.000450666 819200
1.9738e-05 1048576
1.3545e-05 2048
2.2616e-05 2048
6.854e-06 1048576
0.000518746 819200
0.000428649 819200
1.3649e-05 2048
1.2026e-05 2048
1.2516e-05 2048
1.1875e-05 2048
1.1707e-05 2048
1.1954e-05 2048
0.000128696 204800
5.474e-05 2048
0.00232915 9437184
0.000425854 819200
0.00136972 819200
0.00041521 819200
0.00307268 819200
0.000453082 819200
0.00254533 9437184
1.3296e-05 2048
0.00224161 9437184
1.6341e-05 2048
6.888e-06 1048576
2.7174e-05 25600
0.000420703 819200
0.000119666 204800
0.000462583 819200
0.000413921 819200
0.000424939 819200
0.000425619 819200
0.000442351 819200
1.2826e-05 2048
1.1782e-05 2048
0.00042124 819200
0.000550335 819200
0.000416047 819200
1.3191e-05 2048
1.2588e-05 2048
1.2488e-05 2048
1.1847e-05 2048
1.1878e-05 2048
1.1865e-05 2048
0.000431372 819200
5.553e-05 2048
0.00230969 9437184
0.00042519 819200
0.00136724 819200
0.000416705 819200
0.0031943 819200
0.000426858 819200
0.00257977 9437184
1.6093e-05 2048
0.00225438 9437184
1.3714e-05 2048
0.000426613 819200
2.5192e-05 25600
0.000435903 819200
0.000440353 819200
0.00042855 819200
0.000425206 819200
0.000450076 819200
0.000434768 819200
0.000437764 819200
1.3219e-05 2048
1.3974e-05 2048
0.000421144 819200
0.000541329 819200
0.00042822 819200
1.2984e-05 2048
1.2017e-05 2048
1.2524e-05 2048
1.2007e-05 2048
1.1728e-05 2048
1.1688e-05 2048
0.000429565 819200
5.168e-05 2048
0.00232903 9437184
0.000431134 819200
0.00138228 819200
0.000415254 819200
0.00292021 819200
0.00221694 9437184
1.5619e-05 2048
0.00255688 9437184
1.3114e-05 2048
0.000425181 819200
7.733e-06 9437184
0.00136777 3276800
7.299e-06 3276800
0.00100009 3276800
0.000452119 819200
0.0010183 3276800
0.000951827 3276800
0.000969336 3276800
1.1003e-05 9437184
2.0321e-05 2048
1.2476e-05 2048
0.00132728 3276800
0.00112762 3276800
0.00132712 3276800
1.545e-05 2048
1.2609e-05 2048
1.2933e-05 2048
1.2375e-05 2048
1.1794e-05 2048
1.1732e-05 2048
0.000998131 3276800
5.2533e-05 2048
0.00263333 9437184
0.00101774 3276800
0.00378754 3276800
0.000970484 3276800
0.00639073 3276800
0.00132094 3276800
0.0022374 9437184
1.3458e-05 2048
0.00258678 9437184
1.7194e-05 2048
0.00100897 3276800
7.8745e-05 102400
0.00134638 3276800
0.00104399 3276800
0.00137644 3276800
0.00103501 3276800
0.000982185 3276800
0.00132998 3276800
0.00104254 3276800
2.7274e-05 2048
1.4805e-05 2048
0.00132789 3276800
0.00113154 3276800
0.0013664 3276800
1.3307e-05 2048
1.5002e-05 2048
1.2278e-05 2048
1.208e-05 2048
1.1729e-05 2048
1.1868e-05 2048
0.00100743 3276800
5.469e-05 2048
0.00266681 9437184
0.00102181 3276800
0.00342936 3276800
0.00129467 3276800
0.00647377 3276800
0.00129163 3276800
0.00221797 9437184
1.3336e-05 2048
0.00254355 9437184
1.6344e-05 2048
0.00101811 3276800
8.0225e-05 102400
0.00135127 3276800
0.00102304 3276800
0.000987249 3276800
0.00137638 3276800
0.00103627 3276800
0.00132488 3276800
0.00103503 3276800
2.5175e-05 2048
1.1831e-05 2048
0.00134173 3276800
0.00113218 3276800
0.000982797 3276800
1.3286e-05 2048
1.2217e-05 2048
1.2549e-05 2048
1.1748e-05 2048
1.1927e-05 2048
1.1756e-05 2048
0.000982763 3276800
2.4651e-05 2048
0.00113695 3276800
0.00178469 6553600
0.00170372 819200
0.00180589 6553600
0.0029099 1638400
0.000977833 3276800
1.3585e-05 2048
0.00135598 3276800
1.6093e-05 2048
0.00100312 3276800
0.00134562 3276800
0.0021462 6553600
0.000751193 1638400
0.00180812 6553600
0.000442742 819200
0.00187481 6553600
0.00195664 6553600
0.00180764 6553600
0.00101942 3276800
4.4124e-05 1024
1.1511e-05 1024
0.00181877 6553600
0.00201089 6553600
0.00183469 6553600
1.2829e-05 400
1.1284e-05 400
1.1713e-05 400
1.1538e-05 400
1.1206e-05 400
1.1318e-05 400
0.00182359 6553600
1.2016e-05 400
0.000506228 819200
6.425e-06 6553600
0.00413324 6553600
6.287e-06 6553600
0.00422984 6553600
0.00186076 6553600
0.000428794 819200
1.282e-05 1024
0.000444019 819200
1.3016e-05 1024
0.00184501 6553600
0.000150683 204800
0.000999211 3276800
0.00130825 3276800
0.00184252 6553600
0.0010297 3276800
0.00193748 6553600
0.00183828 6553600
0.00101969 3276800
4.4876e-05 1024
1.1422e-05 1024
0.00180627 6553600
0.00199339 6553600
0.00186432 6553600
1.3364e-05 1024
1.1989e-05 1024
1.2544e-05 1024
1.1918e-05 1024
1.1712e-05 1024
1.1883e-05 1024
0.00102252 3276800
1.2247e-05 1024
0.000511176 819200
6.354e-06 6553600
0.00411837 6553600
0.000134556 6553600
0.00389955 6553600
0.00179908 6553600
7.623e-06 3276800
1.3275e-05 1024
8.821e-06 3276800
1.419e-05 1024
0.00185847 6553600
0.000151883 204800
0.00185233 6553600
0.00188156 6553600
0.00151879 6553600
0.00103258 3276800
0.00196291 6553600
0.00184686 6553600
0.0018008 6553600
4.596e-05 1024
1.1487e-05 1024
0.00146503 6553600
0.00152828 3276800
0.00102578 3276800
1.394e-05 1024
1.2004e-05 1024
1.2139e-05 1024
1.1915e-05 1024
1.1735e-05 1024
1.1525e-05 1024
0.00129837 3276800
1.2018e-05 1024
8.148e-06 1638400
0.000994939 2097156
0.00219397 3276800
0.000887943 2097156
0.00218957 3276800
0.000426495 819200
1.2973e-05 1024
0.000441484 819200
1.2933e-05 1024
0.00181391 6553600
0.00106546 3276800
0.00355528 13107200
7.758e-06 13107200
0.00312978 13107200
0.00101361 3276800
0.00323361 13107200
0.00339096 13107200
0.00276683 13107200
0.00135607 3276800
8.9371e-05 512
1.161e-05 512
0.00286063 13107200
0.00323216 13107200
0.00316299 13107200
3.489e-06 1024
3.02e-06 1024
3.403e-06 1024
2.948e-06 1024
2.918e-06 1024
2.764e-06 1024
0.00315482 13107200
2.761e-06 1024
7.569e-06 819200
0.00061249 1048580
0.00540076 13107200
0.000535206 1048580
0.00429369 13107200
0.00321251 13107200
8.432e-06 819200
1.3141e-05 512
9.09e-06 819200
1.3171e-05 512
0.00319241 13107200
0.000296396 409600
0.00181198 6553600
0.000824206 1638400
0.00317264 13107200
0.000813617 1638400
0.00335956 13107200
0.00320453 13107200
0.00188406 6553600
9.118e-05 512
1.0709e-05 512
0.00313226 13107200
0.00186763 6553600
0.00185602 6553600
1.2853e-05 512
1.1574e-05 512
1.1548e-05 512
1.1969e-05 512
1.1396e-05 512
1.1408e-05 512
0.000736383 1638400
2.4375e-05 512
0.000256352 294912
0.000277085 524292
0.00223597 3276800
0.000250023 524292
0.00169895 3276800
0.000165315 294912
1.1677e-05 512
0.000168679 294912
1.2093e-05 512
0.00308222 13107200
0.000904718 1638400
0.00653174 26214400
7.697e-06 26214400
0.00581447 26214400
0.00102458 3276800
0.00591741 26214400
0.0059935 26214400
0.00583069 26214400
0.00077338 1638400
0.000173896 256
1.1539e-05 256
0.00585159 26214400
0.00634178 26214400
0.00584491 26214400
3.383e-06 512
3.03e-06 512
2.973e-06 512
2.942e-06 512
2.715e-06 512
2.662e-06 512
0.00550474 26214400
2.53e-06 512
0.000482753 147456
0.000157801 262148
0.0084775 26214400
0.000148977 262148
0.0070603 26214400
0.00557365 26214400
8.262e-06 819200
1.2978e-05 256
9.096e-06 819200
1.323e-05 256
0.00591426 26214400
0.000593939 819200
0.000727128 1638400
0.00578898 26214400
0.005869 26214400
0.00569675 26214400
0.00624738 26214400
0.00562199 26214400
0.000769399 1638400
0.000173169 256
1.1656e-05 256
0.00547497 26214400
0.00611126 26214400
0.0055674 26214400
1.3073e-05 256
1.1788e-05 256
1.1966e-05 256
1.1626e-05 256
1.1563e-05 256
1.1427e-05 256
0.00551372 26214400
1.1914e-05 256
0.000302145 6912
8.2156e-05 131076
0.00111963 819200
7.8912e-05 131076
0.000528955 204800
1.528e-05 6912
1.1538e-05 256
1.3585e-05 6912
1.1673e-05 256
0.00546255 26214400
0.000442922 819200
1.2426e-05 4000
1.0823e-05 400
1.1397e-05 4000
1.3821e-05 6912
2.822e-06 400
2.605e-06 400
2.449e-06 400
2.516e-06 400
2.492e-06 400
8.202e-06 819200
2.893e-06 400
2.655e-06 400
2.581e-06 400
2.515e-06 400
2.533e-06 400
0.000165169 294912
1.1468e-05 400
1.1425e-05 400
1.1368e-05 400
1.1298e-05 400
1.0808e-05 400
8.164e-06 819200
1.2633e-05 400
2.355e-05 400
1.1856e-05 400
1.1944e-05 400
1.1622e-05 400
0.000422028 819200
1.293e-05 256
1.1551e-05 256
1.107e-05 256
1.1022e-05 256
1.1097e-05 256
8.753e-06 3276800
1.2798e-05 256
1.1401e-05 256
1.1332e-05 256
1.1053e-05 256
1.1106e-05 256
8.288e-06 3276800
1.2525e-05 256
1.1416e-05 256
1.0981e-05 256
1.1115e-05 256
1.097e-05 256
0.000984208 3276800
3.437e-06 4000
3.11e-06 4000
2.798e-06 4000
2.712e-06 4000
2.744e-06 4000
0.0019074 6553600
5.688e-06 4000
2.836e-06 4000
2.767e-06 4000
2.654e-06 4000
2.606e-06 4000
0.00183997 6553600
3.079e-06 4000
2.611e-06 4000
2.623e-06 4000
2.523e-06 4000
2.531e-06 4000
0.00181155 6553600
3.437e-06 4000
2.811e-06 4000
2.851e-06 4000
2.597e-06 4000
2.592e-06 4000
0.00144542 6553600
5.982e-06 4000
2.854e-06 4000
2.56e-06 4000
2.541e-06 4000
2.462e-06 4000
0.00182264 6553600
5.705e-06 4000
3.073e-06 4000
2.835e-06 4000
2.619e-06 4000
2.718e-06 4000
0.000425826 819200
5.619e-06 4000
2.8e-06 4000
2.861e-06 4000
2.77e-06 4000
2.442e-06 4000
2.3012e-05 20480
2.848e-06 400
1.7046e-05 6912
1.2473e-05 6912
1.371e-05 6912
1.3069e-05 6912
1.3324e-05 6912
1.2176e-05 256
2.153e-06 400
1.967e-06 400
1.735e-06 400
1.072e-05 256
1.157e-05 256
9.861e-06 256
9.818e-06 256
9.941e-06 256
1.0027e-05 256
1.1365e-05 256
1.0149e-05 256
9.538e-06 256
9.344e-06 256
1.0092e-05 256
8.925e-05 147456
8.056e-06 819200
5.144e-06 819200
4.488e-06 819200
8.5306e-05 147456
3.023e-06 512
1.0864e-05 256
9.956e-06 256
9.784e-06 256
1.0723e-05 256
1.1444e-05 256
1.0139e-05 256
1.0187e-05 256
9.85e-06 256
9.951e-06 256
1.1173e-05 256
1.0016e-05 256
9.707e-06 256
9.767e-06 256
9.857e-06 256
0.000162466 294912
0.000160744 294912
0.000158557 294912
0.000153867 294912
0.00015793 294912
1.199e-05 512
1.0408e-05 512
9.797e-06 512
9.766e-06 512
1.1018e-05 512
1.1687e-05 512
1.0035e-05 512
9.603e-06 512
9.482e-06 512
9.969e-06 512
1.134e-05 512
1.0181e-05 512
1.0057e-05 512
9.78e-06 512
1.0107e-05 512
7.339e-06 819200
6.957e-06 819200
5.048e-06 819200
5.954e-06 819200
0.000313678 589824
3.306e-06 1024
1.1595e-05 512
9.664e-06 512
9.807e-06 512
1.0336e-05 512
1.1476e-05 512
1.0555e-05 512
9.711e-06 512
9.267e-06 512
1.0076e-05 512
1.1665e-05 512
1.0386e-05 512
9.953e-06 512
9.517e-06 512
1.0151e-05 512
8.204e-06 1638400
0.000118825 204800
0.000113874 204800
0.000113395 204800
0.000567548 1179648
1.3595e-05 1024
1.0155e-05 1024
9.908e-06 1024
9.86e-06 1024
1.1163e-05 1024
1.169e-05 1024
1.0436e-05 1024
1.0192e-05 1024
9.802e-06 1024
1.0597e-05 1024
1.1572e-05 1024
1.0406e-05 1024
1.0598e-05 1024
9.784e-06 1024
1.0638e-05 1024
0.000422439 819200
7.751e-06 3276800
5.592e-06 3276800
5.11e-06 3276800
0.00102987 2359296
2.8888e-05 1024
1.1193e-05 1024
1.0311e-05 1024
9.953e-06 1024
1.0811e-05 1024
1.1886e-05 1024
1.0372e-05 1024
1e-05 1024
1.0113e-05 1024
1.1032e-05 1024
1.1347e-05 1024
1.0715e-05 1024
1.0186e-05 1024
9.742e-06 1024
1.018e-05 1024
0.000439001 819200
7.693e-06 3276800
5.512e-06 3276800
4.847e-06 3276800
0.00100646 2359296
3.3008e-05 400
1.0729e-05 1024
1.0313e-05 1024
9.85e-06 1024
1.0393e-05 1024
1.1605e-05 1024
1.1022e-05 1024
1.0462e-05 1024
9.834e-06 1024
1.0115e-05 1024
1.145e-05 1024
1.072e-05 1024
9.849e-06 1024
9.833e-06 1024
1.0306e-05 1024
0.000987694 3276800
0.00131989 3276800
0.00101085 3276800
0.00134507 3276800
0.00116564 4718592
7.3951e-05 2048
2.33e-06 4000
2.405e-06 4000
1.983e-06 4000
1.1385e-05 2048
1.2281e-05 2048
1.113e-05 2048
1.0687e-05 2048
1.0298e-05 2048
1.0493e-05 2048
1.2409e-05 2048
2.195e-06 4000
2.107e-06 4000
2.002e-06 4000
1.1005e-05 2048
0.00247919 9437184
0.00185518 6553600
0.0018475 6553600
0.00149326 6553600
0.00232033 9437184
0.000164697 2048
1.1276e-05 2048
1.0474e-05 2048
9.851e-06 2048
1.1086e-05 2048
1.2489e-05 2048
1.071e-05 2048
1.0807e-05 2048
1.0175e-05 2048
1.0418e-05 2048
1.1844e-05 2048
1.0603e-05 2048
1.0279e-05 2048
1.0296e-05 2048
1.0495e-05 2048
0.0021336 9437184
0.00252398 9437184
0.00216283 9437184
0.00259062 9437184
0.00215676 9437184
0.000167933 2048
1.1478e-05 2048
1.0755e-05 2048
9.919e-06 2048
1.0908e-05 2048
1.2119e-05 2048
1.0635e-05 2048
1.0468e-05 2048
9.606e-06 2048
1.1023e-05 2048
1.1527e-05 2048
1.068e-05 2048
1.0636e-05 2048
1.0007e-05 2048
1.107e-05 2048
0.00251319 9437184
0.000786398 1638400
0.000791612 1638400
0.000836956 1638400
0.00232809 9437184
0.000166444 2048
1.0987e-05 2048
1.0475e-05 2048
9.983e-06 2048
1.1019e-05 2048
1.2405e-05 2048
1.1147e-05 2048
1.066e-05 2048
1.0035e-05 2048
1.0402e-05 2048
1.2091e-05 2048
1.0791e-05 2048
1.0431e-05 2048
9.896e-06 2048
1.0681e-05 2048
0.00246814 9437184
0.0022139 9437184
0.00250218 9437184
0.0022743 9437184
0.00265808 9437184
0.000172175 2048
1.1058e-05 2048
1.0426e-05 2048
1.0735e-05 2048
1.1095e-05 2048
1.2385e-05 2048
1.0927e-05 2048
1.0554e-05 2048
1.0213e-05 2048
1.0458e-05 2048
1.2038e-05 2048
1.0412e-05 2048
1.0302e-05 2048
1.0375e-05 2048
1.0715e-05 2048
0.00216188 9437184
0.00248067 9437184
0.00219538 9437184
0.00258133 9437184
0.00233666 9437184
0.000167335 2048
1.1382e-05 2048
1.0686e-05 2048
1.0183e-05 2048
1.0816e-05 2048
1.2002e-05 2048
1.0667e-05 2048
1.0538e-05 2048
1.0031e-05 2048
1.0514e-05 2048
1.2083e-05 2048
1.0474e-05 2048
1.0256e-05 2048
9.796e-06 2048
1.0418e-05 2048
0.000530049 1048576
0.00042139 819200
0.000418126 819200
0.00041982 819200
0.000532891 1048576
5.144e-06 4000
1.156e-05 2048
1.1231e-05 2048
1.0235e-05 2048
1.046e-05 2048
1.2007e-05 2048
1.072e-05 2048
1.0606e-05 2048
1.2414e-05 2048
1.0938e-05 2048
1.2321e-05 2048
1.0197e-05 2048
9.987e-06 2048
9.888e-06 2048
1.0604e-05 2048
2.2116e-05 20480
1.9565e-05 20480
1.9756e-05 20480
1.9453e-05 20480
2.337e-05 20480
1.2278e-05 40
1.06e-05 40
9.786e-06 40
9.537e-06 40
1.0041e-05 40
1.8534e-05 6912
1.2549e-05 256
1.173e-05 256
1.259e-05 256
1.1647e-05 256
1.1559e-05 256
9.1141e-05 147456
1.1708e-05 256
1.147e-05 256
1.1718e-05 256
1.1502e-05 256
1.1507e-05 256
0.000163213 294912
1.1701e-05 256
1.1574e-05 256
1.1425e-05 256
1.1563e-05 256
1.1156e-05 256
0.000316602 589824
1.285e-05 256
1.2149e-05 256
1.1928e-05 256
1.1566e-05 256
1.1563e-05 256
0.000320945 589824
1.2881e-05 256
1.2302e-05 256
1.1676e-05 256
1.1528e-05 256
1.1452e-05 256
0.00100306 2359296
1.3008e-05 256
1.1673e-05 256
1.147e-05 256
1.1115e-05 256
1.1037e-05 256
0.000993522 2359296
1.3103e-05 256
1.146e-05 256
1.114e-05 256
1.0815e-05 256
1.1078e-05 256
0.00101896 3276800
1.6772e-05 2048
1.2224e-05 2048
1.1985e-05 2048
1.1828e-05 2048
1.1396e-05 2048
8.832e-06 26214400
1.5799e-05 2048
1.2441e-05 2048
1.1792e-05 2048
1.162e-05 2048
1.2061e-05 2048
8.502e-06 26214400
1.5901e-05 2048
1.191e-05 2048
1.1529e-05 2048
1.1644e-05 2048
1.1724e-05 2048
7.958e-06 26214400
1.3074e-05 2048
1.2037e-05 2048
2.796e-05 2048
1.1917e-05 2048
1.2172e-05 2048
8.398e-06 26214400
1.3347e-05 2048
1.2376e-05 2048
1.1447e-05 2048
1.1634e-05 2048
1.1489e-05 2048
8.392e-06 26214400
1.5933e-05 2048
1.2424e-05 2048
1.1517e-05 2048
1.1671e-05 2048
1.1659e-05 2048
0.000308747 589824
1.2518e-05 2048
1.2226e-05 2048
1.207e-05 2048
1.1751e-05 2048
1.1851e-05 2048
2.1518e-05 20480
2.773e-06 256
3.1489e-05 40
1.6251e-05 20480
1.2788e-05 2048
0.000192136 819200
1.5632e-05 2048
1.0845e-05 2048
1.0189e-05 2048
0.00154142 9437184
1.54e-05 2048
1.134e-05 2048
2.787e-06 3276800
1.4366e-05 2048
1.1657e-05 1024
5.5557e-05 204800
4.16e-06 4000
1.1997e-05 512
1.6322e-05 512
1.03e-05 1024
9.234e-06 512
9.922e-06 256
1.2453e-05 6912
1.0608e-05 2048
9.15e-06 256
0.000560814 3276800
1.4654e-05 1024
1.0315e-05 1024
7.396e-05 294912
1.1246e-05 2048
1.0622e-05 2048
2.527e-06 819200
1.3309e-05 512
2.454e-06 400
1.0187e-05 512
9.972e-06 1024
1.0533e-05 2048
1.0895e-05 2048
1.0003e-05 256
1.0269e-05 2048
2.453e-06 3276800
1.3876e-05 1024
9.908e-06 512
9.958e-06 1024
9.59e-06 256
1.0905e-05 2048
2.448e-06 4000
0.00105516 6553600
1.4468e-05 1024
1.0052e-05 256
0.00153353 9437184
1.4837e-05 2048
2.539e-06 819200
0.000502591 1638400
1.3988e-05 2048
1.0927e-05 2048
1.0109e-05 2048
1.0517e-05 1024
0.00151973 9437184
1.4856e-05 2048
0.000246554 1228800
1.3338e-05 400
1.6518e-05 20480
2.839e-06 4000
0.000234228 1048576
1.5413e-05 2048
0.00152091 9437184
1.6007e-05 2048
0.00151799 9437184
1.522e-05 2048
0.00151982 9437184
1.572e-05 2048
0.00151956 9437184
1.5213e-05 2048
0.00151975 9437184
1.5772e-05 2048
0.000564607 3276800
1.4406e-05 400
0.000185622 819200
1.4433e-05 1024
0.000184543 819200
1.4526e-05 1024
2.725e-06 1638400
4.114e-06 1024
2.397e-06 819200
1.1683e-05 512
7.5008e-05 294912
2.865e-06 512
4.5223e-05 147456
1.0869e-05 256
1.2463e-05 6912
1.0514e-05 40
6.5686e-05 131076
1.1898e-05 256
1.5127e-05 6912
1.4413e-05 2048
1.0498e-05 2048
1.1114e-05 2048
1.0235e-05 2048
1.0329e-05 2048
1.026e-05 2048
1.0326e-05 2048
1.0313e-05 2048
0.00036995 819200
1.5602e-05 2048
0.00250385 9437184
0.000425737 819200
1.5712e-05 2048
0.00251636 9437184
1.6572e-05 2048
1.2717e-05 2048
1.0232e-05 2048
1.0162e-05 2048
1.1034e-05 2048
1.0496e-05 2048
1.0314e-05 2048
9.746e-06 2048
9.984e-06 3276800
3.7167e-05 102400
1.1591e-05 256
9.581e-06 256
9.929e-06 256
9.464e-06 256
9.536e-06 256
9.146e-06 256
9.359e-06 256
9.35e-06 256
0.000328617 638976
3.676e-05 102400
1.2855e-05 2048
1.0409e-05 2048
1.0126e-05 2048
1.0021e-05 2048
1.0109e-05 2048
1.0043e-05 2048
1.015e-05 2048
1.0004e-05 2048
1.2897e-05 1024
1.0084e-05 1024
1.0387e-05 1024
1.0152e-05 1024
1.0032e-05 1024
1.2316e-05 1024
1.0122e-05 1024
1.0095e-05 1024
1.0547e-05 512
9.334e-06 512
9.528e-06 512
9.456e-06 512
9.541e-06 512
9.43e-06 512
9.376e-06 512
9.074e-06 512
9.496e-06 6553600
5.854e-05 204800
0.000337552 638976
0.000118313 204800
1.2631e-05 1024
9.697e-06 1024
9.865e-06 1024
1.007e-05 1024
1.0061e-05 1024
9.976e-06 1024
9.572e-06 1024
9.723e-06 1024
1.2967e-05 1024
9.962e-06 1024
1.0083e-05 1024
9.763e-06 1024
9.908e-06 1024
9.809e-06 1024
1.0081e-05 1024
9.902e-06 1024
1.0689e-05 512
9.38e-06 512
9.084e-06 512
9.379e-06 512
9.286e-06 512
9.558e-06 512
9.389e-06 512
9.165e-06 512
0.000994599 3276800
1.5086e-05 2048
0.00214076 9437184
0.00181118 6553600
1.5246e-05 2048
0.00149187 4718592
0.000904279 2097156
1.5002e-05 1024
0.000576507 1179648
0.000281998 524292
1.36e-05 512
0.000160756 294912
0.00033309 638976
0.000216149 409600
1.3517e-05 40
1.6159e-05 20480
0.00042065 819200
1.4358e-05 2048
0.00252256 9437184
0.00033731 638976
1.6401e-05 6400
1.2661e-05 2048
1.0808e-05 2048
1.0641e-05 2048
1.0595e-05 2048
1.0324e-05 2048
9.96e-06 2048
1.0175e-05 2048
1.0007e-05 2048
9.281e-06 819200
2.0071e-05 25600
1.2284e-05 2048
1.0236e-05 2048
1.0424e-05 2048
1.0277e-05 2048
9.995e-06 2048
1.0087e-05 2048
9.82e-06 2048
1.0005e-05 2048
1.3102e-05 2048
1.119e-05 2048
1.0111e-05 2048
1.0162e-05 2048
1.0102e-05 2048
1.0433e-05 2048
1.1993e-05 2048
1.0305e-05 2048
0.000563837 1048580
1.3771e-05 512
0.000308103 589824
0.00012215 204800
1.5518e-05 6400
1.572e-05 2048
1.0797e-05 2048
1.0375e-05 2048
9.911e-06 2048
1.0238e-05 2048
9.845e-06 2048
1.0198e-05 2048
9.889e-06 2048
0.000148482 262148
1.0512e-05 256
8.5806e-05 147456
8.677e-06 819200
2.2248e-05 25600
7.998e-06 6553600
1.4219e-05 1024
0.000626011 2359296
1.0253e-05 6553600
1.4756e-05 1024
0.000998595 2359296
1.6128e-05 2048
0.000537303 1048576
0.000999274 3276800
1.4972e-05 2048
0.00247577 9437184
1.022e-05 26214400
0.000425139 819200
1.3775e-05 256
1.0318e-05 256
9.418e-06 256
9.479e-06 256
9.353e-06 256
9.309e-06 256
9.562e-06 256
9.32e-06 256
