2.1999e-05 9600
1.0664e-05 128
3.9286e-05 102400
1e-05 128
6.4712e-05 204800
1.1499e-05 256
2.1073e-05 40960
1.0045e-05 40
0.000643341 1228800
0.000177568 400
0.00340298 13107200
0.0220104 111476740
0.00344019 13107200
0.00319841 13107200
0.000142204 13107200
0.00101454 3276800
0.0010245 3276800
0.00135358 3276800
0.00101862 3276800
0.00135017 3276800
0.0010589 3276800
0.00133015 3276800
0.0016401 3276800
0.000985645 3276800
0.0013254 3276800
0.000992637 3276800
8.214e-06 3276800
0.000213213 819200
0.000436933 819200
0.000423351 819200
0.000748074 1638400
6.411e-06 819200
0.000997352 1638400
0.000744603 1638400
0.000773076 1638400
0.000744626 1638400
8.925e-06 1638400
0.000233818 409600
0.000222935 409600
1.2499e-05 4000
7.8769e-05 400
1.1899e-05 4000
1.1079e-05 400
1.294e-05 4000
1.1901e-05 4000
1.0432e-05 400
1.0468e-05 40
1.1314e-05 4000
1.0203e-05 40
1.1468e-05 4000
1.0243e-05 40
1.0492e-05 400
1.0227e-05 40
1.0001e-05 40
1.1534e-05 4000
1.0386e-05 40
9.749e-06 400
1.0245e-05 400
1.1299e-05 40
1.2171e-05 4000
1.2109e-05 4000
1.2282e-05 4000
1.0567e-05 400
1.0296e-05 40
1.2008e-05 400
0.000220178 409600
0.000250851 409600
2.0993e-05 40960
3.6326e-05 40960
0.000219818 409600
2.1477e-05 40960
2.423e-06 400
2.1571e-05 40960
2.522e-06 400
0.000224228 409600
0.000739063 1638400
0.000820725 1638400
7.211e-06 1638400
0.000775869 1638400
0.00022452 409600
0.000741059 1638400
0.000790452 1638400
0.000763729 1638400
0.000749568 1638400
2.451e-06 400
0.000107276 204800
6.966e-06 819200
6.713e-06 1638400
3.919e-06 819200
8.934e-06 1638400
0.000120119 204800
1.1814e-05 256
0.000122358 204800
1.1628e-05 256
0.000765856 1638400
0.000419247 819200
0.000473235 819200
0.000425192 819200
9.144e-06 1638400
0.00098615 3276800
0.00153824 3276800
7.255e-06 3276800
0.00132303 3276800
0.000433746 819200
0.00133959 3276800
0.00106102 3276800
0.00134681 3276800
0.000997999 3276800
2.375e-06 256
7.16e-06 204800
0.000969523 3276800
0.00173927 3276800
0.000978038 3276800
0.00135822 1638400
3.7903e-05 102400
1.1934e-05 128
6.7328e-05 102400
1.2137e-05 128
0.0010343 3276800
0.000993422 3276800
0.00150025 3276800
0.00105387 3276800
0.00132619 3276800
0.00102038 3276800
0.00133165 3276800
0.000998468 3276800
0.0009836 3276800
0.000813709 1638400
0.00317485 13107200
8.314e-06 13107200
0.00318733 13107200
0.00101068 3276800
1.2016e-05 128
0.000318653 9600
0.0222816 111476740
7.887e-06 3276800
0.0227992 111476740
0.00367191 1228800
1.5381e-05 9600
1.2082e-05 128
1.3987e-05 9600
1.1983e-05 128
0.000765602 1638400
8.187e-06 3276800
1.224e-05 4000
1.0934e-05 400
1.1962e-05 4000
1.4221e-05 9600
2.467e-06 400
6.7616e-05 102400
2.441e-06 400
6.8745e-05 102400
2.281e-06 400
2.1145e-05 40960
2.334e-06 400
1.512e-05 9600
1.3251e-05 9600
1.2987e-05 9600
1.2532e-05 9600
1.3135e-05 9600
2.193e-06 400
2.001e-06 400
1.709e-06 400
1.1228e-05 128
8.423e-06 204800
6.42e-05 102400
6.6726e-05 102400
6.5254e-05 102400
6.5585e-05 102400
1.0891e-05 128
1.0912e-05 128
9.866e-06 128
1.0924e-05 128
0.000120404 204800
0.000120006 204800
0.000118906 204800
0.000119009 204800
0.000117842 204800
1.0913e-05 256
1.0928e-05 256
9.884e-06 256
1.078e-05 256
3.5159e-05 40960
3.3633e-05 40960
3.33e-05 40960
3.417e-05 40960
3.3354e-05 40960
1.0151e-05 40
1.0252e-05 40
1.0028e-05 40
1.0785e-05 40
1.5085e-05 9600
1.1749e-05 128
6.4686e-05 102400
1.1889e-05 128
9.526e-06 3276800
1.2711e-05 128
3.3892e-05 40960
2.398e-06 128
1.3032e-05 40
2.1817e-05 40960
1.0059e-05 256
6.4116e-05 204800
3.5949e-05 102400
1.3064e-05 9600
1.749e-06 400
1.0117e-05 128
0.000574786 1228800
1.4744e-05 400
2.066e-05 40960
1.975e-06 400
5.553e-05 204800
1.743e-06 256
2.341e-06 204800
1.0903e-05 128
1.3114e-05 9600
1.0109e-05 40
0.0223167 111476740
1.5644e-05 128
1.4024e-05 9600
2.1e-05 40
2.5886e-05 40960
5.454e-06 819200
1.3262e-05 256
5.6043e-05 204800
0.000817822 3276800
1.3456e-05 128
3.3597e-05 102400
