Malloc 393.5 3643.31 4036.81
Malloc 393.5 3643.31 4036.81
Malloc 393.5 3643.31 4036.81
Malloc 393.5 3643.31 4036.81
Malloc 393.5 3643.31 4036.81
Malloc 393.5 3643.31 4036.81
Malloc 393.5 3643.31 4036.81
Malloc 393.5 3643.31 4036.81
Malloc 393.5 3643.31 4036.81
Malloc 393.5 3643.31 4036.81
Malloc 394.5 3642.31 4036.81
Malloc 394.5 3642.31 4036.81
Malloc 394.5 3642.31 4036.81
Malloc 394.5 3642.31 4036.81
Malloc 394.5 3642.31 4036.81
Malloc 394.5 3642.31 4036.81
Malloc 394.5 3642.31 4036.81
Malloc 394.5 3642.31 4036.81
Malloc 394.5 3642.31 4036.81
Malloc 394.5 3642.31 4036.81
Malloc 395.5 3641.31 4036.81
Malloc 395.5 3641.31 4036.81
Malloc 395.5 3641.31 4036.81
Malloc 395.5 3641.31 4036.81
Malloc 395.5 3641.31 4036.81
Malloc 395.5 3641.31 4036.81
Malloc 395.5 3641.31 4036.81
Malloc 395.5 3641.31 4036.81
Malloc 395.5 3641.31 4036.81
Malloc 395.5 3641.31 4036.81
Malloc 395.5 3641.31 4036.81
Malloc 395.5 3641.31 4036.81
Malloc 395.5 3641.31 4036.81
Malloc 395.5 3641.31 4036.81
Malloc 395.5 3641.31 4036.81
Malloc 395.5 3641.31 4036.81
Malloc 395.5 3641.31 4036.81
Malloc 395.5 3641.31 4036.81
Malloc 395.5 3641.31 4036.81
Malloc 395.5 3641.31 4036.81
Malloc 396.625 3640.19 4036.81
Malloc 396.625 3640.19 4036.81
Malloc 396.625 3640.19 4036.81
Malloc 396.625 3640.19 4036.81
Malloc 396.625 3640.19 4036.81
Malloc 396.625 3640.19 4036.81
Malloc 396.625 3640.19 4036.81
Malloc 396.625 3640.19 4036.81
Malloc 396.625 3640.19 4036.81
Malloc 396.625 3640.19 4036.81
Malloc 398.875 3637.94 4036.81
Malloc 398.875 3637.94 4036.81
Malloc 398.875 3637.94 4036.81
Malloc 398.875 3637.94 4036.81
Malloc 398.875 3637.94 4036.81
Malloc 398.875 3637.94 4036.81
Malloc 398.875 3637.94 4036.81
Malloc 398.875 3637.94 4036.81
Malloc 398.875 3637.94 4036.81
Malloc 398.875 3637.94 4036.81
Malloc 401.125 3635.69 4036.81
Malloc 401.125 3635.69 4036.81
Malloc 401.125 3635.69 4036.81
Malloc 401.125 3635.69 4036.81
Malloc 401.125 3635.69 4036.81
Malloc 401.125 3635.69 4036.81
Malloc 401.125 3635.69 4036.81
Malloc 401.125 3635.69 4036.81
Malloc 401.125 3635.69 4036.81
Malloc 401.125 3635.69 4036.81
Malloc 405.625 3631.19 4036.81
Malloc 406.625 3630.19 4036.81
Malloc 406.625 3630.19 4036.81
Malloc 406.625 3630.19 4036.81
Malloc 406.625 3630.19 4036.81
Malloc 406.625 3630.19 4036.81
Malloc 406.625 3630.19 4036.81
Malloc 406.625 3630.19 4036.81
Malloc 406.625 3630.19 4036.81
Malloc 406.625 3630.19 4036.81
Malloc 415.625 3621.19 4036.81
Malloc 415.625 3621.19 4036.81
Malloc 415.625 3621.19 4036.81
Malloc 415.625 3621.19 4036.81
Malloc 415.625 3621.19 4036.81
Malloc 415.625 3621.19 4036.81
Malloc 415.625 3621.19 4036.81
Malloc 415.625 3621.19 4036.81
Malloc 415.625 3621.19 4036.81
Malloc 415.625 3621.19 4036.81
Malloc 424.625 3612.19 4036.81
Malloc 424.625 3612.19 4036.81
Malloc 424.625 3612.19 4036.81
Malloc 424.625 3612.19 4036.81
Malloc 424.625 3612.19 4036.81
Malloc 424.625 3612.19 4036.81
Malloc 424.625 3612.19 4036.81
Malloc 424.625 3612.19 4036.81
Malloc 424.625 3612.19 4036.81
Malloc 424.625 3612.19 4036.81
Malloc 433.625 3603.19 4036.81
Malloc 433.625 3603.19 4036.81
Malloc 433.625 3603.19 4036.81
Malloc 433.625 3603.19 4036.81
Malloc 433.625 3603.19 4036.81
Malloc 433.625 3603.19 4036.81
Malloc 433.625 3603.19 4036.81
Malloc 433.625 3603.19 4036.81
Malloc 433.625 3603.19 4036.81
Malloc 433.625 3603.19 4036.81
Malloc 442.625 3594.19 4036.81
Malloc 442.625 3594.19 4036.81
Malloc 442.625 3594.19 4036.81
Malloc 442.625 3594.19 4036.81
Malloc 442.625 3594.19 4036.81
Malloc 442.625 3594.19 4036.81
Malloc 442.625 3594.19 4036.81
Malloc 442.625 3594.19 4036.81
Malloc 442.625 3594.19 4036.81
Malloc 442.625 3594.19 4036.81
Malloc 451.625 3585.19 4036.81
Malloc 451.625 3585.19 4036.81
Malloc 451.625 3585.19 4036.81
Malloc 451.625 3585.19 4036.81
Malloc 451.625 3585.19 4036.81
Malloc 451.625 3585.19 4036.81
Malloc 451.625 3585.19 4036.81
Malloc 451.625 3585.19 4036.81
Malloc 451.625 3585.19 4036.81
Malloc 451.625 3585.19 4036.81
Malloc 452.625 3584.19 4036.81
Malloc 452.625 3584.19 4036.81
Malloc 452.625 3584.19 4036.81
Malloc 452.625 3584.19 4036.81
Malloc 452.625 3584.19 4036.81
Malloc 452.625 3584.19 4036.81
Malloc 452.625 3584.19 4036.81
Malloc 452.625 3584.19 4036.81
Malloc 452.625 3584.19 4036.81
Malloc 452.625 3584.19 4036.81
Malloc 452.625 3584.19 4036.81
Malloc 452.625 3584.19 4036.81
Malloc 460.125 3576.69 4036.81
Malloc 460.125 3576.69 4036.81
Malloc 460.125 3576.69 4036.81
Malloc 618.125 3418.69 4036.81
Malloc 776.125 3260.69 4036.81
Free 618.125 3418.69 4036.81
Malloc 776.125 3260.69 4036.81
Malloc 934.125 3102.69 4036.81
Free 776.125 3260.69 4036.81
Malloc 934.125 3102.69 4036.81
Malloc 1092.12 2944.69 4036.81
Free 934.125 3102.69 4036.81
Malloc 935.125 3101.69 4036.81
Malloc 940.125 3096.69 4036.81
Malloc 1241.12 2795.69 4036.81
Malloc 1399.12 2637.69 4036.81
Free 1241.12 2795.69 4036.81
Free 1083.12 2953.69 4036.81
Malloc 1083.12 2953.69 4036.81
Malloc 1241.12 2795.69 4036.81
Malloc 1399.12 2637.69 4036.81
Free 1241.12 2795.69 4036.81
Malloc 1399.12 2637.69 4036.81
Malloc 1557.12 2479.69 4036.81
Free 1399.12 2637.69 4036.81
Malloc 1557.12 2479.69 4036.81
Malloc 1715.12 2321.69 4036.81
Free 1557.12 2479.69 4036.81
Malloc 1596.62 2440.19 4036.81
Malloc 1636.12 2400.69 4036.81
Free 1596.62 2440.19 4036.81
Malloc 1597.62 2439.19 4036.81
Malloc 1676.62 2360.19 4036.81
Malloc 1755.62 2281.19 4036.81
Free 1676.62 2360.19 4036.81
Malloc 1755.62 2281.19 4036.81
Malloc 1834.62 2202.19 4036.81
Free 1755.62 2281.19 4036.81
Malloc 1834.62 2202.19 4036.81
Malloc 1913.62 2123.19 4036.81
Free 1834.62 2202.19 4036.81
Malloc 1835.62 2201.19 4036.81
Malloc 1838.12 2198.69 4036.81
Malloc 1917.12 2119.69 4036.81
Malloc 1996.12 2040.69 4036.81
Free 1917.12 2119.69 4036.81
Free 1838.12 2198.69 4036.81
Malloc 1839.25 2197.56 4036.81
Malloc 1918.25 2118.56 4036.81
Malloc 1997.25 2039.56 4036.81
Free 1918.25 2118.56 4036.81
Malloc 1997.25 2039.56 4036.81
Malloc 2076.25 1960.56 4036.81
Free 1997.25 2039.56 4036.81
Malloc 2076.25 1960.56 4036.81
Malloc 2155.25 1881.56 4036.81
Free 2076.25 1960.56 4036.81
Malloc 2096 1940.81 4036.81
Malloc 2115.75 1921.06 4036.81
Free 2096 1940.81 4036.81
Malloc 2098.12 1938.69 4036.81
Malloc 2137.62 1899.19 4036.81
Malloc 2177.12 1859.69 4036.81
Free 2137.62 1899.19 4036.81
Malloc 2177.12 1859.69 4036.81
Malloc 2216.62 1820.19 4036.81
Free 2177.12 1859.69 4036.81
Malloc 2216.62 1820.19 4036.81
Malloc 2256.12 1780.69 4036.81
Free 2216.62 1820.19 4036.81
Malloc 2217.62 1819.19 4036.81
Malloc 2218.88 1817.94 4036.81
Malloc 2258.38 1778.44 4036.81
Malloc 2297.88 1738.94 4036.81
Free 2258.38 1778.44 4036.81
Free 2218.88 1817.94 4036.81
Malloc 2223 1813.81 4036.81
Malloc 2262.5 1774.31 4036.81
Malloc 2302 1734.81 4036.81
Free 2262.5 1774.31 4036.81
Malloc 2302 1734.81 4036.81
Malloc 2341.5 1695.31 4036.81
Free 2302 1734.81 4036.81
Malloc 2341.5 1695.31 4036.81
Malloc 2381 1655.81 4036.81
Free 2341.5 1695.31 4036.81
Malloc 2342.5 1694.31 4036.81
Malloc 2343.75 1693.06 4036.81
Malloc 2383.25 1653.56 4036.81
Malloc 2422.75 1614.06 4036.81
Free 2383.25 1653.56 4036.81
Free 2343.75 1693.06 4036.81
Malloc 2347.88 1688.94 4036.81
Malloc 2387.38 1649.44 4036.81
Malloc 2426.88 1609.94 4036.81
Free 2387.38 1649.44 4036.81
Malloc 2426.88 1609.94 4036.81
Malloc 2466.38 1570.44 4036.81
Free 2426.88 1609.94 4036.81
Malloc 2466.38 1570.44 4036.81
Malloc 2505.88 1530.94 4036.81
Free 2466.38 1570.44 4036.81
Malloc 2476.25 1560.56 4036.81
Malloc 2486.12 1550.69 4036.81
Free 2476.25 1560.56 4036.81
Malloc 2484.38 1552.44 4036.81
Malloc 2504.12 1532.69 4036.81
Malloc 2523.88 1512.94 4036.81
Free 2504.12 1532.69 4036.81
Malloc 2523.88 1512.94 4036.81
Malloc 2543.62 1493.19 4036.81
Free 2523.88 1512.94 4036.81
Malloc 2543.62 1493.19 4036.81
Malloc 2563.38 1473.44 4036.81
Free 2543.62 1493.19 4036.81
Malloc 2544.62 1492.19 4036.81
Malloc 2545.62 1491.19 4036.81
Malloc 2565.38 1471.44 4036.81
Malloc 2585.12 1451.69 4036.81
Free 2565.38 1471.44 4036.81
Free 2545.62 1491.19 4036.81
Malloc 2561.75 1475.06 4036.81
Malloc 2581.5 1455.31 4036.81
Malloc 2601.25 1435.56 4036.81
Free 2581.5 1455.31 4036.81
Malloc 2601.25 1435.56 4036.81
Malloc 2621 1415.81 4036.81
Free 2601.25 1435.56 4036.81
Malloc 2621 1415.81 4036.81
Malloc 2640.75 1396.06 4036.81
Free 2621 1415.81 4036.81
Malloc 2622 1414.81 4036.81
Malloc 2623 1413.81 4036.81
Malloc 2642.75 1394.06 4036.81
Malloc 2662.5 1374.31 4036.81
Free 2642.75 1394.06 4036.81
Free 2623 1413.81 4036.81
Malloc 2639.12 1397.69 4036.81
Malloc 2658.88 1377.94 4036.81
Malloc 2678.62 1358.19 4036.81
Free 2658.88 1377.94 4036.81
Malloc 2678.62 1358.19 4036.81
Malloc 2698.38 1338.44 4036.81
Free 2678.62 1358.19 4036.81
Malloc 2698.38 1338.44 4036.81
Malloc 2718.12 1318.69 4036.81
Free 2698.38 1338.44 4036.81
Malloc 2703.38 1333.44 4036.81
Malloc 2708.38 1328.44 4036.81
Free 2703.38 1333.44 4036.81
Malloc 2719.5 1317.31 4036.81
Malloc 2724.5 1312.31 4036.81
Malloc 2729.5 1307.31 4036.81
Free 2724.5 1312.31 4036.81
Malloc 2729.5 1307.31 4036.81
Malloc 2734.5 1302.31 4036.81
Free 2729.5 1307.31 4036.81
Malloc 2734.5 1302.31 4036.81
Malloc 2739.5 1297.31 4036.81
Free 2734.5 1302.31 4036.81
Malloc 2735.5 1301.31 4036.81
Malloc 2735.5 1301.31 4036.81
Malloc 2740.5 1296.31 4036.81
Malloc 2745.5 1291.31 4036.81
Free 2740.5 1296.31 4036.81
Free 2735.5 1301.31 4036.81
Malloc 2751.62 1285.19 4036.81
Malloc 2756.62 1280.19 4036.81
Malloc 2761.62 1275.19 4036.81
Free 2756.62 1280.19 4036.81
Malloc 2761.62 1275.19 4036.81
Malloc 2766.62 1270.19 4036.81
Free 2761.62 1275.19 4036.81
Malloc 2766.62 1270.19 4036.81
Malloc 2771.62 1265.19 4036.81
Free 2766.62 1270.19 4036.81
Malloc 2767.62 1269.19 4036.81
Malloc 2767.62 1269.19 4036.81
Malloc 2772.62 1264.19 4036.81
Malloc 2777.62 1259.19 4036.81
Free 2772.62 1264.19 4036.81
Free 2767.62 1269.19 4036.81
Malloc 2783.75 1253.06 4036.81
Malloc 2788.75 1248.06 4036.81
Malloc 2793.75 1243.06 4036.81
Free 2788.75 1248.06 4036.81
Malloc 2793.75 1243.06 4036.81
Malloc 2798.75 1238.06 4036.81
Free 2793.75 1243.06 4036.81
Malloc 2798.75 1238.06 4036.81
Malloc 2803.75 1233.06 4036.81
Free 2798.75 1238.06 4036.81
Malloc 2800 1236.81 4036.81
Malloc 2801.25 1235.56 4036.81
Free 2800 1236.81 4036.81
Malloc 2801.25 1235.56 4036.81
Free 2800 1236.81 4036.81
Malloc 2801 1235.81 4036.81
Malloc 2801 1235.81 4036.81
Malloc 2802.25 1234.56 4036.81
Malloc 2803.5 1233.31 4036.81
Free 2802.25 1234.56 4036.81
Malloc 2803.5 1233.31 4036.81
Malloc 2803.5 1233.31 4036.81
Free 2803.5 1233.31 4036.81
Malloc 2804.75 1232.06 4036.81
Free 2803.5 1233.31 4036.81
Malloc 2804.75 1232.06 4036.81
Malloc 2806 1230.81 4036.81
Free 2804.75 1232.06 4036.81
Malloc 2806 1230.81 4036.81
Malloc 2807.25 1229.56 4036.81
Free 2806 1230.81 4036.81
Malloc 2807 1229.81 4036.81
Malloc 2807 1229.81 4036.81
Malloc 2808.25 1228.56 4036.81
Malloc 2809.5 1227.31 4036.81
Free 2808.25 1228.56 4036.81
Free 2807 1229.81 4036.81
Malloc 2807 1229.81 4036.81
Malloc 2807 1229.81 4036.81
Free 2807 1229.81 4036.81
Malloc 2807 1229.81 4036.81
Free 2807 1229.81 4036.81
Malloc 2807 1229.81 4036.81
Malloc 2807 1229.81 4036.81
Malloc 2807 1229.81 4036.81
Free 2807 1229.81 4036.81
Malloc 2807 1229.81 4036.81
Free 2807 1229.81 4036.81
Malloc 2807 1229.81 4036.81
Free 2807 1229.81 4036.81
Free 2807 1229.81 4036.81
Malloc 2807 1229.81 4036.81
Malloc 2807 1229.81 4036.81
Free 2807 1229.81 4036.81
Malloc 2807 1229.81 4036.81
Free 2807 1229.81 4036.81
Malloc 2807 1229.81 4036.81
Malloc 2808.25 1228.56 4036.81
Malloc 2808.25 1228.56 4036.81
Malloc 2808.25 1228.56 4036.81
Free 2808.25 1228.56 4036.81
Malloc 2809.5 1227.31 4036.81
Free 2808.25 1228.56 4036.81
Malloc 2808.25 1228.56 4036.81
Free 2808.25 1228.56 4036.81
Free 2807 1229.81 4036.81
Malloc 2808.25 1228.56 4036.81
Free 2807 1229.81 4036.81
Malloc 2807 1229.81 4036.81
Free 2807 1229.81 4036.81
Malloc 2807 1229.81 4036.81
Free 2807 1229.81 4036.81
Malloc 2807 1229.81 4036.81
Free 2807 1229.81 4036.81
Malloc 2807 1229.81 4036.81
Free 2807 1229.81 4036.81
Malloc 2808.25 1228.56 4036.81
Malloc 2809.5 1227.31 4036.81
Free 2808.25 1228.56 4036.81
Free 2807 1229.81 4036.81
Malloc 2808.25 1228.56 4036.81
Free 2807 1229.81 4036.81
Malloc 2808.25 1228.56 4036.81
Free 2807 1229.81 4036.81
Free 2805.75 1231.06 4036.81
Malloc 2807 1229.81 4036.81
Free 2805.75 1231.06 4036.81
Malloc 2807 1229.81 4036.81
Free 2805.75 1231.06 4036.81
Malloc 2805.75 1231.06 4036.81
Free 2805.75 1231.06 4036.81
Malloc 2805.75 1231.06 4036.81
Free 2805.75 1231.06 4036.81
Malloc 2805.75 1231.06 4036.81
Free 2805.75 1231.06 4036.81
Malloc 2805.75 1231.06 4036.81
Free 2805.75 1231.06 4036.81
Malloc 2805.75 1231.06 4036.81
Free 2805.75 1231.06 4036.81
Malloc 2805.75 1231.06 4036.81
Free 2805.75 1231.06 4036.81
Free 2804.5 1232.31 4036.81
Malloc 2805.5 1231.31 4036.81
Malloc 2806.75 1230.06 4036.81
Malloc 2806.75 1230.06 4036.81
Malloc 2806.75 1230.06 4036.81
Free 2806.75 1230.06 4036.81
Malloc 2808 1228.81 4036.81
Free 2806.75 1230.06 4036.81
Malloc 2807.75 1229.06 4036.81
Free 2806.75 1230.06 4036.81
Free 2805.5 1231.31 4036.81
Malloc 2806.75 1230.06 4036.81
Free 2805.5 1231.31 4036.81
Malloc 2806.5 1230.31 4036.81
Free 2805.5 1231.31 4036.81
Malloc 2805.5 1231.31 4036.81
Free 2805.5 1231.31 4036.81
Malloc 2806.5 1230.31 4036.81
Free 2805.5 1231.31 4036.81
Malloc 2805.5 1231.31 4036.81
Free 2805.5 1231.31 4036.81
Free 2804.25 1232.56 4036.81
Malloc 2805.5 1231.31 4036.81
Malloc 2806.75 1230.06 4036.81
Free 2805.5 1231.31 4036.81
Free 2804.25 1232.56 4036.81
Malloc 2805.5 1231.31 4036.81
Free 2804.25 1232.56 4036.81
Malloc 2809.25 1227.56 4036.81
Free 2804.25 1232.56 4036.81
Free 2803 1233.81 4036.81
Malloc 2808 1228.81 4036.81
Free 2803 1233.81 4036.81
Free 2801.75 1235.06 4036.81
Malloc 2806.75 1230.06 4036.81
Free 2801.75 1235.06 4036.81
Malloc 2806.75 1230.06 4036.81
Free 2801.75 1235.06 4036.81
Free 2796.75 1240.06 4036.81
Malloc 2801.75 1235.06 4036.81
Free 2796.75 1240.06 4036.81
Malloc 2801.75 1235.06 4036.81
Free 2796.75 1240.06 4036.81
Malloc 2796.75 1240.06 4036.81
Free 2796.75 1240.06 4036.81
Malloc 2796.75 1240.06 4036.81
Free 2796.75 1240.06 4036.81
Malloc 2796.75 1240.06 4036.81
Free 2796.75 1240.06 4036.81
Malloc 2796.75 1240.06 4036.81
Free 2796.75 1240.06 4036.81
Malloc 2796.75 1240.06 4036.81
Free 2796.75 1240.06 4036.81
Malloc 2796.75 1240.06 4036.81
Free 2796.75 1240.06 4036.81
Free 2791.75 1245.06 4036.81
Malloc 2796.75 1240.06 4036.81
Malloc 2805.75 1231.06 4036.81
Malloc 2805.75 1231.06 4036.81
Free 2800.75 1236.06 4036.81
Malloc 2805.75 1231.06 4036.81
Free 2800.75 1236.06 4036.81
Malloc 2809.75 1227.06 4036.81
Free 2800.75 1236.06 4036.81
Malloc 2800.75 1236.06 4036.81
Free 2800.75 1236.06 4036.81
Malloc 2809.75 1227.06 4036.81
Free 2800.75 1236.06 4036.81
Malloc 2800.75 1236.06 4036.81
Free 2800.75 1236.06 4036.81
Free 2795.75 1241.06 4036.81
Malloc 2800.75 1236.06 4036.81
Malloc 2805.75 1231.06 4036.81
Free 2800.75 1236.06 4036.81
Free 2795.75 1241.06 4036.81
Malloc 2800.75 1236.06 4036.81
Free 2795.75 1241.06 4036.81
Malloc 2800.75 1236.06 4036.81
Free 2795.75 1241.06 4036.81
Free 2790.75 1246.06 4036.81
Malloc 2795.75 1241.06 4036.81
Free 2790.75 1246.06 4036.81
Malloc 2795.75 1241.06 4036.81
Free 2790.75 1246.06 4036.81
Malloc 2790.75 1246.06 4036.81
Free 2790.75 1246.06 4036.81
Malloc 2790.75 1246.06 4036.81
Free 2790.75 1246.06 4036.81
Malloc 2790.75 1246.06 4036.81
Free 2790.75 1246.06 4036.81
Malloc 2790.75 1246.06 4036.81
Free 2790.75 1246.06 4036.81
Malloc 2790.75 1246.06 4036.81
Free 2790.75 1246.06 4036.81
Malloc 2790.75 1246.06 4036.81
Free 2790.75 1246.06 4036.81
Free 2785.75 1251.06 4036.81
Malloc 2790.75 1246.06 4036.81
Malloc 2799.75 1237.06 4036.81
Malloc 2799.75 1237.06 4036.81
Free 2794.75 1242.06 4036.81
Malloc 2799.75 1237.06 4036.81
Free 2794.75 1242.06 4036.81
Malloc 2803.75 1233.06 4036.81
Free 2794.75 1242.06 4036.81
Malloc 2794.75 1242.06 4036.81
Free 2794.75 1242.06 4036.81
Malloc 2803.75 1233.06 4036.81
Free 2794.75 1242.06 4036.81
Malloc 2794.75 1242.06 4036.81
Free 2794.75 1242.06 4036.81
Free 2789.75 1247.06 4036.81
Malloc 2794.75 1242.06 4036.81
Malloc 2799.75 1237.06 4036.81
Free 2794.75 1242.06 4036.81
Free 2789.75 1247.06 4036.81
Malloc 2794.75 1242.06 4036.81
Free 2789.75 1247.06 4036.81
Malloc 2794.75 1242.06 4036.81
Free 2789.75 1247.06 4036.81
Free 2784.75 1252.06 4036.81
Malloc 2789.75 1247.06 4036.81
Free 2784.75 1252.06 4036.81
Malloc 2789.75 1247.06 4036.81
Free 2784.75 1252.06 4036.81
Malloc 2784.75 1252.06 4036.81
Free 2784.75 1252.06 4036.81
Malloc 2784.75 1252.06 4036.81
Free 2784.75 1252.06 4036.81
Malloc 2784.75 1252.06 4036.81
Free 2784.75 1252.06 4036.81
Malloc 2784.75 1252.06 4036.81
Free 2784.75 1252.06 4036.81
Malloc 2784.75 1252.06 4036.81
Free 2784.75 1252.06 4036.81
Malloc 2784.75 1252.06 4036.81
Free 2784.75 1252.06 4036.81
Free 2779.75 1257.06 4036.81
Malloc 2784.75 1252.06 4036.81
Malloc 2793.75 1243.06 4036.81
Malloc 2793.75 1243.06 4036.81
Malloc 2798.75 1238.06 4036.81
Free 2793.75 1243.06 4036.81
Malloc 2802.75 1234.06 4036.81
Free 2793.75 1243.06 4036.81
Malloc 2793.75 1243.06 4036.81
Free 2793.75 1243.06 4036.81
Malloc 2802.75 1234.06 4036.81
Free 2793.75 1243.06 4036.81
Malloc 2793.75 1243.06 4036.81
Free 2793.75 1243.06 4036.81
Free 2788.75 1248.06 4036.81
Malloc 2808.5 1228.31 4036.81
Free 2788.75 1248.06 4036.81
Free 2783.75 1253.06 4036.81
Malloc 2803.5 1233.31 4036.81
Free 2783.75 1253.06 4036.81
Free 2778.75 1258.06 4036.81
Malloc 2798.5 1238.31 4036.81
Free 2778.75 1258.06 4036.81
Malloc 2798.5 1238.31 4036.81
Free 2778.75 1258.06 4036.81
Free 2759 1277.81 4036.81
Malloc 2778.75 1258.06 4036.81
Free 2759 1277.81 4036.81
Malloc 2778.75 1258.06 4036.81
Free 2759 1277.81 4036.81
Malloc 2759 1277.81 4036.81
Free 2759 1277.81 4036.81
Malloc 2759 1277.81 4036.81
Free 2759 1277.81 4036.81
Malloc 2759 1277.81 4036.81
Free 2759 1277.81 4036.81
Malloc 2759 1277.81 4036.81
Free 2759 1277.81 4036.81
Malloc 2759 1277.81 4036.81
Free 2759 1277.81 4036.81
Malloc 2759 1277.81 4036.81
Free 2759 1277.81 4036.81
Free 2739.25 1297.56 4036.81
Malloc 2759 1277.81 4036.81
Malloc 2768 1268.81 4036.81
Malloc 2768 1268.81 4036.81
Free 2748.25 1288.56 4036.81
Malloc 2768 1268.81 4036.81
Free 2748.25 1288.56 4036.81
Malloc 2757.25 1279.56 4036.81
Free 2748.25 1288.56 4036.81
Malloc 2748.25 1288.56 4036.81
Free 2748.25 1288.56 4036.81
Malloc 2757.25 1279.56 4036.81
Free 2748.25 1288.56 4036.81
Malloc 2748.25 1288.56 4036.81
Free 2748.25 1288.56 4036.81
Free 2728.5 1308.31 4036.81
Malloc 2748.25 1288.56 4036.81
Malloc 2768 1268.81 4036.81
Free 2748.25 1288.56 4036.81
Free 2728.5 1308.31 4036.81
Malloc 2748.25 1288.56 4036.81
Free 2728.5 1308.31 4036.81
Malloc 2748.25 1288.56 4036.81
Free 2728.5 1308.31 4036.81
Free 2708.75 1328.06 4036.81
Malloc 2728.5 1308.31 4036.81
Free 2708.75 1328.06 4036.81
Malloc 2728.5 1308.31 4036.81
Free 2708.75 1328.06 4036.81
Malloc 2708.75 1328.06 4036.81
Free 2708.75 1328.06 4036.81
Malloc 2708.75 1328.06 4036.81
Free 2708.75 1328.06 4036.81
Malloc 2708.75 1328.06 4036.81
Free 2708.75 1328.06 4036.81
Malloc 2708.75 1328.06 4036.81
Free 2708.75 1328.06 4036.81
Malloc 2708.75 1328.06 4036.81
Free 2708.75 1328.06 4036.81
Malloc 2708.75 1328.06 4036.81
Free 2708.75 1328.06 4036.81
Free 2689 1347.81 4036.81
Malloc 2708.75 1328.06 4036.81
Malloc 2717.75 1319.06 4036.81
Malloc 2717.75 1319.06 4036.81
Free 2698 1338.81 4036.81
Malloc 2717.75 1319.06 4036.81
Free 2698 1338.81 4036.81
Malloc 2707 1329.81 4036.81
Free 2698 1338.81 4036.81
Malloc 2698 1338.81 4036.81
Free 2698 1338.81 4036.81
Malloc 2707 1329.81 4036.81
Free 2698 1338.81 4036.81
Malloc 2698 1338.81 4036.81
Free 2698 1338.81 4036.81
Free 2678.25 1358.56 4036.81
Malloc 2698 1338.81 4036.81
Malloc 2717.75 1319.06 4036.81
Free 2698 1338.81 4036.81
Free 2678.25 1358.56 4036.81
Malloc 2698 1338.81 4036.81
Free 2678.25 1358.56 4036.81
Malloc 2698 1338.81 4036.81
Free 2678.25 1358.56 4036.81
Free 2658.5 1378.31 4036.81
Malloc 2678.25 1358.56 4036.81
Free 2658.5 1378.31 4036.81
Malloc 2678.25 1358.56 4036.81
Free 2658.5 1378.31 4036.81
Malloc 2658.5 1378.31 4036.81
Free 2658.5 1378.31 4036.81
Malloc 2658.5 1378.31 4036.81
Free 2658.5 1378.31 4036.81
Malloc 2658.5 1378.31 4036.81
Free 2658.5 1378.31 4036.81
Malloc 2658.5 1378.31 4036.81
Free 2658.5 1378.31 4036.81
Malloc 2658.5 1378.31 4036.81
Free 2658.5 1378.31 4036.81
Malloc 2658.5 1378.31 4036.81
Free 2658.5 1378.31 4036.81
Free 2638.75 1398.06 4036.81
Malloc 2648.62 1388.19 4036.81
Malloc 2653.12 1383.69 4036.81
Malloc 2653.12 1383.69 4036.81
Malloc 2663 1373.81 4036.81
Free 2653.12 1383.69 4036.81
Malloc 2657.62 1379.19 4036.81
Free 2653.12 1383.69 4036.81
Malloc 2653.12 1383.69 4036.81
Free 2653.12 1383.69 4036.81
Malloc 2657.62 1379.19 4036.81
Free 2653.12 1383.69 4036.81
Malloc 2653.12 1383.69 4036.81
Free 2653.12 1383.69 4036.81
Free 2633.38 1403.44 4036.81
Malloc 2672.88 1363.94 4036.81
Free 2633.38 1403.44 4036.81
Free 2623.5 1413.31 4036.81
Malloc 2663 1373.81 4036.81
Free 2623.5 1413.31 4036.81
Free 2613.62 1423.19 4036.81
Malloc 2653.12 1383.69 4036.81
Free 2613.62 1423.19 4036.81
Malloc 2653.12 1383.69 4036.81
Free 2613.62 1423.19 4036.81
Free 2574.12 1462.69 4036.81
Malloc 2613.62 1423.19 4036.81
Free 2574.12 1462.69 4036.81
Malloc 2613.62 1423.19 4036.81
Free 2574.12 1462.69 4036.81
Malloc 2574.12 1462.69 4036.81
Free 2574.12 1462.69 4036.81
Malloc 2574.12 1462.69 4036.81
Free 2574.12 1462.69 4036.81
Malloc 2574.12 1462.69 4036.81
Free 2574.12 1462.69 4036.81
Malloc 2574.12 1462.69 4036.81
Free 2574.12 1462.69 4036.81
Malloc 2574.12 1462.69 4036.81
Free 2574.12 1462.69 4036.81
Malloc 2574.12 1462.69 4036.81
Free 2574.12 1462.69 4036.81
Free 2534.62 1502.19 4036.81
Malloc 2574.12 1462.69 4036.81
Malloc 2576.38 1460.44 4036.81
Malloc 2576.38 1460.44 4036.81
Free 2536.88 1499.94 4036.81
Malloc 2576.38 1460.44 4036.81
Free 2536.88 1499.94 4036.81
Malloc 2539.12 1497.69 4036.81
Free 2536.88 1499.94 4036.81
Malloc 2536.88 1499.94 4036.81
Free 2536.88 1499.94 4036.81
Malloc 2539.12 1497.69 4036.81
Free 2536.88 1499.94 4036.81
Malloc 2536.88 1499.94 4036.81
Free 2536.88 1499.94 4036.81
Free 2497.38 1539.44 4036.81
Malloc 2536.88 1499.94 4036.81
Malloc 2576.38 1460.44 4036.81
Free 2536.88 1499.94 4036.81
Free 2497.38 1539.44 4036.81
Malloc 2536.88 1499.94 4036.81
Free 2497.38 1539.44 4036.81
Malloc 2536.88 1499.94 4036.81
Free 2497.38 1539.44 4036.81
Free 2457.88 1578.94 4036.81
Malloc 2497.38 1539.44 4036.81
Free 2457.88 1578.94 4036.81
Malloc 2497.38 1539.44 4036.81
Free 2457.88 1578.94 4036.81
Malloc 2457.88 1578.94 4036.81
Free 2457.88 1578.94 4036.81
Malloc 2457.88 1578.94 4036.81
Free 2457.88 1578.94 4036.81
Malloc 2457.88 1578.94 4036.81
Free 2457.88 1578.94 4036.81
Malloc 2457.88 1578.94 4036.81
Free 2457.88 1578.94 4036.81
Malloc 2457.88 1578.94 4036.81
Free 2457.88 1578.94 4036.81
Malloc 2457.88 1578.94 4036.81
Free 2457.88 1578.94 4036.81
Free 2418.38 1618.44 4036.81
Malloc 2457.88 1578.94 4036.81
Malloc 2460.12 1576.69 4036.81
Malloc 2460.12 1576.69 4036.81
Free 2420.62 1616.19 4036.81
Malloc 2460.12 1576.69 4036.81
Free 2420.62 1616.19 4036.81
Malloc 2422.88 1613.94 4036.81
Free 2420.62 1616.19 4036.81
Malloc 2420.62 1616.19 4036.81
Free 2420.62 1616.19 4036.81
Malloc 2422.88 1613.94 4036.81
Free 2420.62 1616.19 4036.81
Malloc 2420.62 1616.19 4036.81
Free 2420.62 1616.19 4036.81
Free 2381.12 1655.69 4036.81
Malloc 2420.62 1616.19 4036.81
Malloc 2460.12 1576.69 4036.81
Free 2420.62 1616.19 4036.81
Free 2381.12 1655.69 4036.81
Malloc 2420.62 1616.19 4036.81
Free 2381.12 1655.69 4036.81
Malloc 2420.62 1616.19 4036.81
Free 2381.12 1655.69 4036.81
Free 2341.62 1695.19 4036.81
Malloc 2381.12 1655.69 4036.81
Free 2341.62 1695.19 4036.81
Malloc 2381.12 1655.69 4036.81
Free 2341.62 1695.19 4036.81
Malloc 2341.62 1695.19 4036.81
Free 2341.62 1695.19 4036.81
Malloc 2341.62 1695.19 4036.81
Free 2341.62 1695.19 4036.81
Malloc 2341.62 1695.19 4036.81
Free 2341.62 1695.19 4036.81
Malloc 2341.62 1695.19 4036.81
Free 2341.62 1695.19 4036.81
Malloc 2341.62 1695.19 4036.81
Free 2341.62 1695.19 4036.81
Malloc 2341.62 1695.19 4036.81
Free 2341.62 1695.19 4036.81
Free 2302.12 1734.69 4036.81
Malloc 2321.88 1714.94 4036.81
Malloc 2323 1713.81 4036.81
Malloc 2323 1713.81 4036.81
Malloc 2342.75 1694.06 4036.81
Free 2323 1713.81 4036.81
Malloc 2324.12 1712.69 4036.81
Free 2323 1713.81 4036.81
Malloc 2323 1713.81 4036.81
Free 2323 1713.81 4036.81
Malloc 2324.12 1712.69 4036.81
Free 2323 1713.81 4036.81
Malloc 2323 1713.81 4036.81
Free 2323 1713.81 4036.81
Free 2283.5 1753.31 4036.81
Malloc 2362.5 1674.31 4036.81
Free 2283.5 1753.31 4036.81
Free 2263.75 1773.06 4036.81
Malloc 2342.75 1694.06 4036.81
Free 2263.75 1773.06 4036.81
Free 2244 1792.81 4036.81
Malloc 2323 1713.81 4036.81
Free 2244 1792.81 4036.81
Malloc 2323 1713.81 4036.81
Free 2244 1792.81 4036.81
Free 2165 1871.81 4036.81
Malloc 2244 1792.81 4036.81
Free 2165 1871.81 4036.81
Malloc 2244 1792.81 4036.81
Free 2165 1871.81 4036.81
Malloc 2165 1871.81 4036.81
Free 2165 1871.81 4036.81
Malloc 2165 1871.81 4036.81
Free 2165 1871.81 4036.81
Malloc 2165 1871.81 4036.81
Free 2165 1871.81 4036.81
Malloc 2165 1871.81 4036.81
Free 2165 1871.81 4036.81
Malloc 2165 1871.81 4036.81
Free 2165 1871.81 4036.81
Malloc 2165 1871.81 4036.81
Free 2165 1871.81 4036.81
Free 2086 1950.81 4036.81
Malloc 2165 1871.81 4036.81
Malloc 2166 1870.81 4036.81
Malloc 2166 1870.81 4036.81
Free 2087 1949.81 4036.81
Malloc 2166 1870.81 4036.81
Free 2087 1949.81 4036.81
Malloc 2088 1948.81 4036.81
Free 2087 1949.81 4036.81
Malloc 2087 1949.81 4036.81
Free 2087 1949.81 4036.81
Malloc 2088 1948.81 4036.81
Free 2087 1949.81 4036.81
Malloc 2087 1949.81 4036.81
Free 2087 1949.81 4036.81
Free 2008 2028.81 4036.81
Malloc 2087 1949.81 4036.81
Malloc 2166 1870.81 4036.81
Free 2087 1949.81 4036.81
Free 2008 2028.81 4036.81
Malloc 2087 1949.81 4036.81
Free 2008 2028.81 4036.81
Malloc 2087 1949.81 4036.81
Free 2008 2028.81 4036.81
Free 1929 2107.81 4036.81
Malloc 2008 2028.81 4036.81
Free 1929 2107.81 4036.81
Malloc 2008 2028.81 4036.81
Free 1929 2107.81 4036.81
Malloc 1929 2107.81 4036.81
Free 1929 2107.81 4036.81
Malloc 1929 2107.81 4036.81
Free 1929 2107.81 4036.81
Malloc 1929 2107.81 4036.81
Free 1929 2107.81 4036.81
Malloc 1929 2107.81 4036.81
Free 1929 2107.81 4036.81
Malloc 1929 2107.81 4036.81
Free 1929 2107.81 4036.81
Malloc 1929 2107.81 4036.81
Free 1929 2107.81 4036.81
Free 1850 2186.81 4036.81
Malloc 1889.5 2147.31 4036.81
Malloc 1889.5 2147.31 4036.81
Malloc 1889.5 2147.31 4036.81
Malloc 1929 2107.81 4036.81
Free 1889.5 2147.31 4036.81
Malloc 1889.5 2147.31 4036.81
Free 1889.5 2147.31 4036.81
Malloc 1889.5 2147.31 4036.81
Free 1889.5 2147.31 4036.81
Malloc 1889.5 2147.31 4036.81
Free 1889.5 2147.31 4036.81
Malloc 1889.5 2147.31 4036.81
Free 1889.5 2147.31 4036.81
Free 1810.5 2226.31 4036.81
Malloc 1968.5 2068.31 4036.81
Free 1810.5 2226.31 4036.81
Free 1771 2265.81 4036.81
Malloc 1929 2107.81 4036.81
Free 1771 2265.81 4036.81
Free 1731.5 2305.31 4036.81
Malloc 1889.5 2147.31 4036.81
Free 1731.5 2305.31 4036.81
Malloc 1889.5 2147.31 4036.81
Free 1731.5 2305.31 4036.81
Free 1573.5 2463.31 4036.81
Malloc 1731.5 2305.31 4036.81
Free 1573.5 2463.31 4036.81
Malloc 1731.5 2305.31 4036.81
Free 1573.5 2463.31 4036.81
Malloc 1573.5 2463.31 4036.81
Free 1573.5 2463.31 4036.81
Malloc 1573.5 2463.31 4036.81
Free 1573.5 2463.31 4036.81
Malloc 1573.5 2463.31 4036.81
Free 1573.5 2463.31 4036.81
Malloc 1573.5 2463.31 4036.81
Free 1573.5 2463.31 4036.81
Malloc 1573.5 2463.31 4036.81
Free 1573.5 2463.31 4036.81
Malloc 1573.5 2463.31 4036.81
Free 1573.5 2463.31 4036.81
Free 1415.5 2621.31 4036.81
Malloc 1573.5 2463.31 4036.81
Malloc 1573.5 2463.31 4036.81
Malloc 1573.5 2463.31 4036.81
Free 1415.5 2621.31 4036.81
Malloc 1573.5 2463.31 4036.81
Free 1415.5 2621.31 4036.81
Malloc 1415.5 2621.31 4036.81
Free 1415.5 2621.31 4036.81
Malloc 1415.5 2621.31 4036.81
Free 1415.5 2621.31 4036.81
Malloc 1415.5 2621.31 4036.81
Free 1415.5 2621.31 4036.81
Malloc 1415.5 2621.31 4036.81
Free 1415.5 2621.31 4036.81
Free 1257.5 2779.31 4036.81
Malloc 1415.5 2621.31 4036.81
Malloc 1573.5 2463.31 4036.81
Free 1415.5 2621.31 4036.81
Free 1257.5 2779.31 4036.81
Malloc 1415.5 2621.31 4036.81
Free 1257.5 2779.31 4036.81
Malloc 1415.5 2621.31 4036.81
Free 1257.5 2779.31 4036.81
Free 1099.5 2937.31 4036.81
Malloc 1257.5 2779.31 4036.81
Free 1099.5 2937.31 4036.81
Malloc 1257.5 2779.31 4036.81
Free 1099.5 2937.31 4036.81
Malloc 1099.5 2937.31 4036.81
Free 1099.5 2937.31 4036.81
Malloc 1099.5 2937.31 4036.81
Free 1099.5 2937.31 4036.81
Malloc 1099.5 2937.31 4036.81
Free 1099.5 2937.31 4036.81
Malloc 1099.5 2937.31 4036.81
Free 1099.5 2937.31 4036.81
Malloc 1099.5 2937.31 4036.81
Free 1099.5 2937.31 4036.81
Malloc 1099.5 2937.31 4036.81
Free 1099.5 2937.31 4036.81
Free 941.5 3095.31 4036.81
Malloc 949 3087.81 4036.81
Malloc 949 3087.81 4036.81
Malloc 949 3087.81 4036.81
Malloc 956.5 3080.31 4036.81
Free 949 3087.81 4036.81
Malloc 949 3087.81 4036.81
Free 949 3087.81 4036.81
Malloc 949 3087.81 4036.81
Free 949 3087.81 4036.81
Malloc 949 3087.81 4036.81
Free 949 3087.81 4036.81
Malloc 949 3087.81 4036.81
Free 949 3087.81 4036.81
Free 791 3245.81 4036.81
Free 783.5 3253.31 4036.81
Free 783.5 3253.31 4036.81
Free 783.5 3253.31 4036.81
Free 783.5 3253.31 4036.81
Malloc 783.5 3253.31 4036.81
Free 783.5 3253.31 4036.81
Malloc 783.5 3253.31 4036.81
Free 783.5 3253.31 4036.81
Malloc 783.5 3253.31 4036.81
Free 783.5 3253.31 4036.81
Malloc 783.5 3253.31 4036.81
Free 783.5 3253.31 4036.81
Malloc 783.5 3253.31 4036.81
Free 783.5 3253.31 4036.81
Malloc 783.5 3253.31 4036.81
Free 783.5 3253.31 4036.81
Malloc 783.5 3253.31 4036.81
Free 783.5 3253.31 4036.81
Malloc 783.5 3253.31 4036.81
Free 783.5 3253.31 4036.81
Malloc 783.5 3253.31 4036.81
Free 783.5 3253.31 4036.81
Malloc 783.5 3253.31 4036.81
Free 783.5 3253.31 4036.81
Malloc 783.5 3253.31 4036.81
Free 783.5 3253.31 4036.81
Malloc 783.5 3253.31 4036.81
Free 783.5 3253.31 4036.81
Malloc 783.5 3253.31 4036.81
Free 783.5 3253.31 4036.81
Malloc 783.5 3253.31 4036.81
Free 783.5 3253.31 4036.81
Malloc 783.5 3253.31 4036.81
Free 783.5 3253.31 4036.81
Malloc 783.5 3253.31 4036.81
Free 783.5 3253.31 4036.81
Malloc 783.5 3253.31 4036.81
Free 783.5 3253.31 4036.81
Malloc 783.5 3253.31 4036.81
Free 783.5 3253.31 4036.81
Malloc 784.5 3252.31 4036.81
Free 783.5 3253.31 4036.81
Malloc 783.5 3253.31 4036.81
Free 783.5 3253.31 4036.81
Malloc 783.5 3253.31 4036.81
Free 783.5 3253.31 4036.81
Malloc 783.5 3253.31 4036.81
Free 783.5 3253.31 4036.81
Malloc 783.5 3253.31 4036.81
Free 783.5 3253.31 4036.81
Malloc 783.5 3253.31 4036.81
Free 783.5 3253.31 4036.81
Malloc 784.625 3252.19 4036.81
Free 783.5 3253.31 4036.81
Malloc 783.5 3253.31 4036.81
Free 783.5 3253.31 4036.81
Malloc 783.5 3253.31 4036.81
Free 783.5 3253.31 4036.81
Malloc 783.5 3253.31 4036.81
Free 783.5 3253.31 4036.81
Malloc 783.5 3253.31 4036.81
Free 783.5 3253.31 4036.81
Malloc 783.5 3253.31 4036.81
Free 783.5 3253.31 4036.81
Malloc 785.75 3251.06 4036.81
Free 783.5 3253.31 4036.81
Malloc 783.5 3253.31 4036.81
Free 783.5 3253.31 4036.81
Malloc 783.5 3253.31 4036.81
Free 783.5 3253.31 4036.81
Malloc 783.5 3253.31 4036.81
Free 783.5 3253.31 4036.81
Malloc 783.5 3253.31 4036.81
Free 783.5 3253.31 4036.81
Malloc 783.5 3253.31 4036.81
Free 783.5 3253.31 4036.81
Malloc 785.75 3251.06 4036.81
Free 783.5 3253.31 4036.81
Malloc 783.5 3253.31 4036.81
Free 783.5 3253.31 4036.81
Malloc 783.5 3253.31 4036.81
Free 783.5 3253.31 4036.81
Malloc 783.5 3253.31 4036.81
Free 783.5 3253.31 4036.81
Malloc 783.5 3253.31 4036.81
Free 783.5 3253.31 4036.81
Malloc 783.5 3253.31 4036.81
Free 783.5 3253.31 4036.81
Malloc 788 3248.81 4036.81
Free 783.5 3253.31 4036.81
Malloc 783.5 3253.31 4036.81
Free 783.5 3253.31 4036.81
Malloc 783.5 3253.31 4036.81
Free 783.5 3253.31 4036.81
Malloc 783.5 3253.31 4036.81
Free 783.5 3253.31 4036.81
Malloc 783.5 3253.31 4036.81
Free 783.5 3253.31 4036.81
Malloc 783.5 3253.31 4036.81
Free 783.5 3253.31 4036.81
Malloc 792.5 3244.31 4036.81
Free 783.5 3253.31 4036.81
Malloc 783.5 3253.31 4036.81
Free 783.5 3253.31 4036.81
Malloc 783.5 3253.31 4036.81
Free 783.5 3253.31 4036.81
Malloc 783.5 3253.31 4036.81
Free 783.5 3253.31 4036.81
Malloc 783.5 3253.31 4036.81
Free 783.5 3253.31 4036.81
Malloc 783.5 3253.31 4036.81
Free 783.5 3253.31 4036.81
Malloc 792.5 3244.31 4036.81
Free 783.5 3253.31 4036.81
Malloc 783.5 3253.31 4036.81
Free 783.5 3253.31 4036.81
Malloc 783.5 3253.31 4036.81
Free 783.5 3253.31 4036.81
Malloc 783.5 3253.31 4036.81
Free 783.5 3253.31 4036.81
Malloc 783.5 3253.31 4036.81
Free 783.5 3253.31 4036.81
Malloc 783.5 3253.31 4036.81
Free 783.5 3253.31 4036.81
Malloc 792.5 3244.31 4036.81
Free 783.5 3253.31 4036.81
Malloc 783.5 3253.31 4036.81
Free 783.5 3253.31 4036.81
Malloc 783.5 3253.31 4036.81
Free 783.5 3253.31 4036.81
Malloc 783.5 3253.31 4036.81
Free 783.5 3253.31 4036.81
Malloc 783.5 3253.31 4036.81
Free 783.5 3253.31 4036.81
Malloc 783.5 3253.31 4036.81
Free 783.5 3253.31 4036.81
Malloc 792.5 3244.31 4036.81
Free 783.5 3253.31 4036.81
Malloc 783.5 3253.31 4036.81
Free 783.5 3253.31 4036.81
Malloc 783.5 3253.31 4036.81
Free 783.5 3253.31 4036.81
Malloc 783.5 3253.31 4036.81
Free 783.5 3253.31 4036.81
Malloc 783.5 3253.31 4036.81
Free 783.5 3253.31 4036.81
Malloc 783.5 3253.31 4036.81
Free 783.5 3253.31 4036.81
Malloc 792.5 3244.31 4036.81
Free 783.5 3253.31 4036.81
Malloc 783.5 3253.31 4036.81
Free 783.5 3253.31 4036.81
Malloc 783.5 3253.31 4036.81
Free 783.5 3253.31 4036.81
Malloc 783.5 3253.31 4036.81
Free 783.5 3253.31 4036.81
Malloc 783.5 3253.31 4036.81
Free 783.5 3253.31 4036.81
Malloc 783.5 3253.31 4036.81
Free 783.5 3253.31 4036.81
Malloc 784.5 3252.31 4036.81
Free 783.5 3253.31 4036.81
Malloc 783.5 3253.31 4036.81
Free 783.5 3253.31 4036.81
Malloc 783.5 3253.31 4036.81
Free 783.5 3253.31 4036.81
Malloc 783.5 3253.31 4036.81
Free 783.5 3253.31 4036.81
Malloc 783.5 3253.31 4036.81
Free 783.5 3253.31 4036.81
Malloc 783.5 3253.31 4036.81
Free 783.5 3253.31 4036.81
Malloc 783.5 3253.31 4036.81
Free 783.5 3253.31 4036.81
Malloc 783.5 3253.31 4036.81
Free 783.5 3253.31 4036.81
Malloc 783.5 3253.31 4036.81
Malloc 783.5 3253.31 4036.81
Malloc 783.5 3253.31 4036.81
Malloc 783.5 3253.31 4036.81
Malloc 783.5 3253.31 4036.81
Malloc 783.5 3253.31 4036.81
Malloc 783.5 3253.31 4036.81
Malloc 783.5 3253.31 4036.81
Malloc 783.5 3253.31 4036.81
Malloc 783.5 3253.31 4036.81
Malloc 783.5 3253.31 4036.81
Malloc 783.5 3253.31 4036.81
Malloc 784.5 3252.31 4036.81
Malloc 784.5 3252.31 4036.81
Malloc 784.5 3252.31 4036.81
Malloc 784.5 3252.31 4036.81
Malloc 785.625 3251.19 4036.81
Malloc 785.625 3251.19 4036.81
Malloc 785.625 3251.19 4036.81
Malloc 785.625 3251.19 4036.81
Malloc 787.875 3248.94 4036.81
Malloc 787.875 3248.94 4036.81
Malloc 787.875 3248.94 4036.81
Malloc 787.875 3248.94 4036.81
Malloc 790.125 3246.69 4036.81
Malloc 790.125 3246.69 4036.81
Malloc 790.125 3246.69 4036.81
Malloc 790.125 3246.69 4036.81
Malloc 794.625 3242.19 4036.81
Malloc 794.625 3242.19 4036.81
Malloc 794.625 3242.19 4036.81
Malloc 794.625 3242.19 4036.81
Malloc 803.625 3233.19 4036.81
Malloc 803.625 3233.19 4036.81
Malloc 803.625 3233.19 4036.81
Malloc 803.625 3233.19 4036.81
Malloc 812.625 3224.19 4036.81
Malloc 812.625 3224.19 4036.81
Malloc 812.625 3224.19 4036.81
Malloc 812.625 3224.19 4036.81
Malloc 821.625 3215.19 4036.81
Malloc 821.625 3215.19 4036.81
Malloc 821.625 3215.19 4036.81
Malloc 821.625 3215.19 4036.81
Malloc 830.625 3206.19 4036.81
Malloc 830.625 3206.19 4036.81
Malloc 830.625 3206.19 4036.81
Malloc 830.625 3206.19 4036.81
Malloc 839.625 3197.19 4036.81
Malloc 839.625 3197.19 4036.81
Malloc 839.625 3197.19 4036.81
Malloc 839.625 3197.19 4036.81
Malloc 840.625 3196.19 4036.81
Malloc 840.625 3196.19 4036.81
Malloc 840.625 3196.19 4036.81
Malloc 840.625 3196.19 4036.81
Malloc 840.625 3196.19 4036.81
Malloc 840.625 3196.19 4036.81
Malloc 840.625 3196.19 4036.81
Free 840.625 3196.19 4036.81
Malloc 840.625 3196.19 4036.81
Free 840.625 3196.19 4036.81
Malloc 840.625 3196.19 4036.81
Free 840.625 3196.19 4036.81
Malloc 840.625 3196.19 4036.81
Free 840.625 3196.19 4036.81
Malloc 840.625 3196.19 4036.81
Free 840.625 3196.19 4036.81
Malloc 840.625 3196.19 4036.81
Free 840.625 3196.19 4036.81
Malloc 840.625 3196.19 4036.81
Free 840.625 3196.19 4036.81
Malloc 840.625 3196.19 4036.81
Free 840.625 3196.19 4036.81
Malloc 840.625 3196.19 4036.81
Free 840.625 3196.19 4036.81
Malloc 840.625 3196.19 4036.81
Free 840.625 3196.19 4036.81
Malloc 840.625 3196.19 4036.81
Free 840.625 3196.19 4036.81
Malloc 840.625 3196.19 4036.81
Free 840.625 3196.19 4036.81
Malloc 840.625 3196.19 4036.81
Free 840.625 3196.19 4036.81
Malloc 840.625 3196.19 4036.81
Free 840.625 3196.19 4036.81
Malloc 840.625 3196.19 4036.81
Free 840.625 3196.19 4036.81
Malloc 840.625 3196.19 4036.81
Free 840.625 3196.19 4036.81
Malloc 840.625 3196.19 4036.81
Free 840.625 3196.19 4036.81
Malloc 840.625 3196.19 4036.81
Free 840.625 3196.19 4036.81
Malloc 841.625 3195.19 4036.81
Free 840.625 3196.19 4036.81
Malloc 840.625 3196.19 4036.81
Free 840.625 3196.19 4036.81
Malloc 840.625 3196.19 4036.81
Free 840.625 3196.19 4036.81
Malloc 840.625 3196.19 4036.81
Free 840.625 3196.19 4036.81
Malloc 840.625 3196.19 4036.81
Free 840.625 3196.19 4036.81
Malloc 840.625 3196.19 4036.81
Free 840.625 3196.19 4036.81
Malloc 841.75 3195.06 4036.81
Free 840.625 3196.19 4036.81
Malloc 840.625 3196.19 4036.81
Free 840.625 3196.19 4036.81
Malloc 840.625 3196.19 4036.81
Free 840.625 3196.19 4036.81
Malloc 840.625 3196.19 4036.81
Free 840.625 3196.19 4036.81
Malloc 840.625 3196.19 4036.81
Free 840.625 3196.19 4036.81
Malloc 840.625 3196.19 4036.81
Free 840.625 3196.19 4036.81
Malloc 842.875 3193.94 4036.81
Free 840.625 3196.19 4036.81
Malloc 840.625 3196.19 4036.81
Free 840.625 3196.19 4036.81
Malloc 840.625 3196.19 4036.81
Free 840.625 3196.19 4036.81
Malloc 840.625 3196.19 4036.81
Free 840.625 3196.19 4036.81
Malloc 840.625 3196.19 4036.81
Free 840.625 3196.19 4036.81
Malloc 840.625 3196.19 4036.81
Free 840.625 3196.19 4036.81
Malloc 842.875 3193.94 4036.81
Free 840.625 3196.19 4036.81
Malloc 840.625 3196.19 4036.81
Free 840.625 3196.19 4036.81
Malloc 840.625 3196.19 4036.81
Free 840.625 3196.19 4036.81
Malloc 840.625 3196.19 4036.81
Free 840.625 3196.19 4036.81
Malloc 840.625 3196.19 4036.81
Free 840.625 3196.19 4036.81
Malloc 840.625 3196.19 4036.81
Free 840.625 3196.19 4036.81
Malloc 845.125 3191.69 4036.81
Free 840.625 3196.19 4036.81
Malloc 840.625 3196.19 4036.81
Free 840.625 3196.19 4036.81
Malloc 840.625 3196.19 4036.81
Free 840.625 3196.19 4036.81
Malloc 840.625 3196.19 4036.81
Free 840.625 3196.19 4036.81
Malloc 840.625 3196.19 4036.81
Free 840.625 3196.19 4036.81
Malloc 840.625 3196.19 4036.81
Free 840.625 3196.19 4036.81
Malloc 849.625 3187.19 4036.81
Free 840.625 3196.19 4036.81
Malloc 840.625 3196.19 4036.81
Free 840.625 3196.19 4036.81
Malloc 840.625 3196.19 4036.81
Free 840.625 3196.19 4036.81
Malloc 840.625 3196.19 4036.81
Free 840.625 3196.19 4036.81
Malloc 840.625 3196.19 4036.81
Free 840.625 3196.19 4036.81
Malloc 840.625 3196.19 4036.81
Free 840.625 3196.19 4036.81
Malloc 849.625 3187.19 4036.81
Free 840.625 3196.19 4036.81
Malloc 840.625 3196.19 4036.81
Free 840.625 3196.19 4036.81
Malloc 840.625 3196.19 4036.81
Free 840.625 3196.19 4036.81
Malloc 840.625 3196.19 4036.81
Free 840.625 3196.19 4036.81
Malloc 840.625 3196.19 4036.81
Free 840.625 3196.19 4036.81
Malloc 840.625 3196.19 4036.81
Free 840.625 3196.19 4036.81
Malloc 849.625 3187.19 4036.81
Free 840.625 3196.19 4036.81
Malloc 840.625 3196.19 4036.81
Free 840.625 3196.19 4036.81
Malloc 840.625 3196.19 4036.81
Free 840.625 3196.19 4036.81
Malloc 840.625 3196.19 4036.81
Free 840.625 3196.19 4036.81
Malloc 840.625 3196.19 4036.81
Free 840.625 3196.19 4036.81
Malloc 840.625 3196.19 4036.81
Free 840.625 3196.19 4036.81
Malloc 849.625 3187.19 4036.81
Free 840.625 3196.19 4036.81
Malloc 840.625 3196.19 4036.81
Free 840.625 3196.19 4036.81
Malloc 840.625 3196.19 4036.81
Free 840.625 3196.19 4036.81
Malloc 840.625 3196.19 4036.81
Free 840.625 3196.19 4036.81
Malloc 840.625 3196.19 4036.81
Free 840.625 3196.19 4036.81
Malloc 840.625 3196.19 4036.81
Free 840.625 3196.19 4036.81
Malloc 849.625 3187.19 4036.81
Free 840.625 3196.19 4036.81
Malloc 840.625 3196.19 4036.81
Free 840.625 3196.19 4036.81
Malloc 840.625 3196.19 4036.81
Free 840.625 3196.19 4036.81
Malloc 840.625 3196.19 4036.81
Free 840.625 3196.19 4036.81
Malloc 840.625 3196.19 4036.81
Free 840.625 3196.19 4036.81
Malloc 840.625 3196.19 4036.81
Free 840.625 3196.19 4036.81
Malloc 841.625 3195.19 4036.81
Free 840.625 3196.19 4036.81
Malloc 840.625 3196.19 4036.81
Free 840.625 3196.19 4036.81
Malloc 840.625 3196.19 4036.81
Free 840.625 3196.19 4036.81
Malloc 840.625 3196.19 4036.81
Free 840.625 3196.19 4036.81
Malloc 840.625 3196.19 4036.81
Free 840.625 3196.19 4036.81
Malloc 840.625 3196.19 4036.81
Free 840.625 3196.19 4036.81
Malloc 840.625 3196.19 4036.81
Free 840.625 3196.19 4036.81
Malloc 840.625 3196.19 4036.81
Free 840.625 3196.19 4036.81
Free 840.625 3196.19 4036.81
Free 840.625 3196.19 4036.81
Free 840.625 3196.19 4036.81
Free 839.625 3197.19 4036.81
Free 839.625 3197.19 4036.81
Free 839.625 3197.19 4036.81
Free 839.625 3197.19 4036.81
Free 830.625 3206.19 4036.81
Free 830.625 3206.19 4036.81
Free 830.625 3206.19 4036.81
Free 828.375 3208.44 4036.81
Free 828.375 3208.44 4036.81
Free 828.375 3208.44 4036.81
Free 827.25 3209.56 4036.81
Free 827.25 3209.56 4036.81
Free 827.25 3209.56 4036.81
Free 827.25 3209.56 4036.81
Free 827.25 3209.56 4036.81
Free 827.25 3209.56 4036.81
Free 827.25 3209.56 4036.81
Free 827.25 3209.56 4036.81
Free 827.25 3209.56 4036.81
Free 827.25 3209.56 4036.81
Free 822.75 3214.06 4036.81
Free 822.75 3214.06 4036.81
Free 822.75 3214.06 4036.81
Free 822.75 3214.06 4036.81
Free 822.75 3214.06 4036.81
Free 822.75 3214.06 4036.81
Free 822.75 3214.06 4036.81
Free 822.75 3214.06 4036.81
Free 822.75 3214.06 4036.81
Free 822.75 3214.06 4036.81
Free 822.75 3214.06 4036.81
Free 822.75 3214.06 4036.81
Free 822.75 3214.06 4036.81
Free 822.75 3214.06 4036.81
Free 822.75 3214.06 4036.81
Free 820.5 3216.31 4036.81
Free 820.5 3216.31 4036.81
Free 820.5 3216.31 4036.81
Free 820.5 3216.31 4036.81
Free 820.5 3216.31 4036.81
Free 820.5 3216.31 4036.81
Free 820.5 3216.31 4036.81
Free 811.5 3225.31 4036.81
Free 811.5 3225.31 4036.81
Free 811.5 3225.31 4036.81
Free 802.5 3234.31 4036.81
Free 802.5 3234.31 4036.81
Free 801.5 3235.31 4036.81
Free 792.5 3244.31 4036.81
Free 792.5 3244.31 4036.81
Free 792.5 3244.31 4036.81
Free 792.5 3244.31 4036.81
Free 792.5 3244.31 4036.81
Free 783.5 3253.31 4036.81
Free 783.5 3253.31 4036.81
Free 776 3260.81 4036.81
Free 776 3260.81 4036.81
Free 776 3260.81 4036.81
Free 776 3260.81 4036.81
Free 775 3261.81 4036.81
Free 775 3261.81 4036.81
Free 766 3270.81 4036.81
Free 766 3270.81 4036.81
Free 757 3279.81 4036.81
Free 757 3279.81 4036.81
Free 748 3288.81 4036.81
Free 748 3288.81 4036.81
Free 739 3297.81 4036.81
Free 739 3297.81 4036.81
Free 730 3306.81 4036.81
Free 730 3306.81 4036.81
Free 725.5 3311.31 4036.81
Free 725.5 3311.31 4036.81
Free 723.25 3313.56 4036.81
Free 723.25 3313.56 4036.81
Free 721 3315.81 4036.81
Free 721 3315.81 4036.81
Free 719.875 3316.94 4036.81
Free 719.875 3316.94 4036.81
Free 719.875 3316.94 4036.81
Free 719.875 3316.94 4036.81
Free 718.875 3317.94 4036.81
Free 718.875 3317.94 4036.81
Free 718.875 3317.94 4036.81
Free 718.875 3317.94 4036.81
Free 718.875 3317.94 4036.81
Free 718.875 3317.94 4036.81
Free 718.875 3317.94 4036.81
Free 718.875 3317.94 4036.81
Free 717.875 3318.94 4036.81
Free 717.875 3318.94 4036.81
Free 717.875 3318.94 4036.81
Free 717.875 3318.94 4036.81
Free 717.875 3318.94 4036.81
Free 717.875 3318.94 4036.81
Free 717.875 3318.94 4036.81
Free 717.875 3318.94 4036.81
Free 717.875 3318.94 4036.81
Free 701.75 3335.06 4036.81
Free 701.75 3335.06 4036.81
Free 692.75 3344.06 4036.81
Free 676.625 3360.19 4036.81
Free 676.625 3360.19 4036.81
Free 667.625 3369.19 4036.81
Free 667.625 3369.19 4036.81
Free 667.625 3369.19 4036.81
Free 667.625 3369.19 4036.81
Free 667.625 3369.19 4036.81
Free 667.625 3369.19 4036.81
Free 667.625 3369.19 4036.81
Free 667.625 3369.19 4036.81
Free 667.625 3369.19 4036.81
Free 666.625 3370.19 4036.81
Free 665.625 3371.19 4036.81
Free 665.625 3371.19 4036.81
Free 665.625 3371.19 4036.81
Free 665.625 3371.19 4036.81
Free 665.625 3371.19 4036.81
Free 665.625 3371.19 4036.81
Free 665.625 3371.19 4036.81
Free 665.625 3371.19 4036.81
Free 665.625 3371.19 4036.81
Free 664.625 3372.19 4036.81
Free 663.625 3373.19 4036.81
Free 663.625 3373.19 4036.81
Free 663.625 3373.19 4036.81
Free 663.625 3373.19 4036.81
Free 663.625 3373.19 4036.81
Free 663.625 3373.19 4036.81
Free 663.625 3373.19 4036.81
Free 663.625 3373.19 4036.81
Free 663.625 3373.19 4036.81
Free 663.625 3373.19 4036.81
Free 663.625 3373.19 4036.81
Free 663.625 3373.19 4036.81
Free 663.625 3373.19 4036.81
Free 663.625 3373.19 4036.81
Free 663.625 3373.19 4036.81
Free 663.625 3373.19 4036.81
Free 663.625 3373.19 4036.81
Free 663.625 3373.19 4036.81
Free 663.625 3373.19 4036.81
Free 663.625 3373.19 4036.81
Free 663.625 3373.19 4036.81
Free 663.625 3373.19 4036.81
Free 663.625 3373.19 4036.81
Free 663.625 3373.19 4036.81
Free 663.625 3373.19 4036.81
Free 662.625 3374.19 4036.81
Free 661.375 3375.44 4036.81
Free 660.375 3376.44 4036.81
Free 659.125 3377.69 4036.81
Free 659.125 3377.69 4036.81
Free 659.125 3377.69 4036.81
Free 659.125 3377.69 4036.81
Free 659.125 3377.69 4036.81
Free 659.125 3377.69 4036.81
Free 659.125 3377.69 4036.81
Free 659.125 3377.69 4036.81
Free 659.125 3377.69 4036.81
Free 659.125 3377.69 4036.81
Free 659.125 3377.69 4036.81
Free 659.125 3377.69 4036.81
Free 659.125 3377.69 4036.81
Free 659.125 3377.69 4036.81
Free 659.125 3377.69 4036.81
Free 659.125 3377.69 4036.81
Free 659.125 3377.69 4036.81
Free 659.125 3377.69 4036.81
Free 659.125 3377.69 4036.81
Free 659.125 3377.69 4036.81
Free 659.125 3377.69 4036.81
Free 659.125 3377.69 4036.81
Free 659.125 3377.69 4036.81
Free 659.125 3377.69 4036.81
Free 659.125 3377.69 4036.81
Free 643 3393.81 4036.81
Free 643 3393.81 4036.81
Free 634 3402.81 4036.81
Free 625.875 3410.94 4036.81
Free 625.875 3410.94 4036.81
Free 621.375 3415.44 4036.81
Free 619.25 3417.56 4036.81
Free 619.25 3417.56 4036.81
Free 618.125 3418.69 4036.81
Free 617.125 3419.69 4036.81
Free 617.125 3419.69 4036.81
Free 617.125 3419.69 4036.81
Free 616.125 3420.69 4036.81
Free 613.625 3423.19 4036.81
Free 613.625 3423.19 4036.81
Free 613.625 3423.19 4036.81
Free 597.5 3439.31 4036.81
Free 597.5 3439.31 4036.81
Free 588.5 3448.31 4036.81
Free 587.5 3449.31 4036.81
Free 587.5 3449.31 4036.81
Free 587.5 3449.31 4036.81
Free 587.5 3449.31 4036.81
Free 587.5 3449.31 4036.81
Free 587.5 3449.31 4036.81
Free 587.5 3449.31 4036.81
Free 587.5 3449.31 4036.81
Free 587.5 3449.31 4036.81
Free 587.5 3449.31 4036.81
Free 586.5 3450.31 4036.81
Free 586.5 3450.31 4036.81
Free 586.5 3450.31 4036.81
Free 586.5 3450.31 4036.81
Free 586.5 3450.31 4036.81
Free 586.5 3450.31 4036.81
Free 586.5 3450.31 4036.81
Free 586.5 3450.31 4036.81
Free 586.5 3450.31 4036.81
Free 586.5 3450.31 4036.81
Free 586.5 3450.31 4036.81
Free 586.5 3450.31 4036.81
Free 586.5 3450.31 4036.81
Free 586.5 3450.31 4036.81
Free 586.5 3450.31 4036.81
Free 586.5 3450.31 4036.81
Free 586.5 3450.31 4036.81
Free 586.5 3450.31 4036.81
Free 585.375 3451.44 4036.81
Free 585.375 3451.44 4036.81
Free 584.375 3452.44 4036.81
Free 583.375 3453.44 4036.81
Free 583.375 3453.44 4036.81
Free 583.375 3453.44 4036.81
Free 583.375 3453.44 4036.81
Free 583.375 3453.44 4036.81
Free 583.375 3453.44 4036.81
Free 583.375 3453.44 4036.81
Free 583.375 3453.44 4036.81
Free 583.375 3453.44 4036.81
Free 583.375 3453.44 4036.81
Free 583.375 3453.44 4036.81
Free 583.375 3453.44 4036.81
Free 583.375 3453.44 4036.81
Free 582.375 3454.44 4036.81
Free 581.375 3455.44 4036.81
Free 577.25 3459.56 4036.81
Free 577.25 3459.56 4036.81
Free 575 3461.81 4036.81
Free 570.875 3465.94 4036.81
Free 570.875 3465.94 4036.81
Free 568.625 3468.19 4036.81
Free 568.625 3468.19 4036.81
Free 567.625 3469.19 4036.81
Free 551.5 3485.31 4036.81
Free 550.5 3486.31 4036.81
Free 541.5 3495.31 4036.81
Free 540.5 3496.31 4036.81
Free 535.5 3501.31 4036.81
Free 535.5 3501.31 4036.81
Free 535.5 3501.31 4036.81
Free 535.5 3501.31 4036.81
Free 535.5 3501.31 4036.81
Free 535.5 3501.31 4036.81
Free 535.5 3501.31 4036.81
Free 535.5 3501.31 4036.81
Free 535.5 3501.31 4036.81
