Malloc 393.5 3643.31 4036.81
Malloc 393.5 3643.31 4036.81
Malloc 393.5 3643.31 4036.81
Malloc 393.5 3643.31 4036.81
Malloc 393.5 3643.31 4036.81
Malloc 393.5 3643.31 4036.81
Malloc 393.5 3643.31 4036.81
Malloc 393.5 3643.31 4036.81
Malloc 393.5 3643.31 4036.81
Malloc 393.5 3643.31 4036.81
Malloc 394.5 3642.31 4036.81
Malloc 394.5 3642.31 4036.81
Malloc 394.5 3642.31 4036.81
Malloc 394.5 3642.31 4036.81
Malloc 394.5 3642.31 4036.81
Malloc 394.5 3642.31 4036.81
Malloc 394.5 3642.31 4036.81
Malloc 394.5 3642.31 4036.81
Malloc 394.5 3642.31 4036.81
Malloc 394.5 3642.31 4036.81
Malloc 395.5 3641.31 4036.81
Malloc 395.5 3641.31 4036.81
Malloc 395.5 3641.31 4036.81
Malloc 395.5 3641.31 4036.81
Malloc 395.5 3641.31 4036.81
Malloc 395.5 3641.31 4036.81
Malloc 395.5 3641.31 4036.81
Malloc 395.5 3641.31 4036.81
Malloc 395.5 3641.31 4036.81
Malloc 395.5 3641.31 4036.81
Malloc 395.5 3641.31 4036.81
Malloc 395.5 3641.31 4036.81
Malloc 395.5 3641.31 4036.81
Malloc 395.5 3641.31 4036.81
Malloc 395.5 3641.31 4036.81
Malloc 395.5 3641.31 4036.81
Malloc 395.5 3641.31 4036.81
Malloc 395.5 3641.31 4036.81
Malloc 395.5 3641.31 4036.81
Malloc 395.5 3641.31 4036.81
Malloc 396.625 3640.19 4036.81
Malloc 396.625 3640.19 4036.81
Malloc 396.625 3640.19 4036.81
Malloc 396.625 3640.19 4036.81
Malloc 396.625 3640.19 4036.81
Malloc 396.625 3640.19 4036.81
Malloc 396.625 3640.19 4036.81
Malloc 396.625 3640.19 4036.81
Malloc 396.625 3640.19 4036.81
Malloc 396.625 3640.19 4036.81
Malloc 398.875 3637.94 4036.81
Malloc 398.875 3637.94 4036.81
Malloc 398.875 3637.94 4036.81
Malloc 398.875 3637.94 4036.81
Malloc 398.875 3637.94 4036.81
Malloc 398.875 3637.94 4036.81
Malloc 398.875 3637.94 4036.81
Malloc 398.875 3637.94 4036.81
Malloc 398.875 3637.94 4036.81
Malloc 398.875 3637.94 4036.81
Malloc 401.125 3635.69 4036.81
Malloc 401.125 3635.69 4036.81
Malloc 401.125 3635.69 4036.81
Malloc 401.125 3635.69 4036.81
Malloc 401.125 3635.69 4036.81
Malloc 401.125 3635.69 4036.81
Malloc 401.125 3635.69 4036.81
Malloc 401.125 3635.69 4036.81
Malloc 401.125 3635.69 4036.81
Malloc 401.125 3635.69 4036.81
Malloc 405.625 3631.19 4036.81
Malloc 406.625 3630.19 4036.81
Malloc 406.625 3630.19 4036.81
Malloc 406.625 3630.19 4036.81
Malloc 406.625 3630.19 4036.81
Malloc 406.625 3630.19 4036.81
Malloc 406.625 3630.19 4036.81
Malloc 406.625 3630.19 4036.81
Malloc 406.625 3630.19 4036.81
Malloc 406.625 3630.19 4036.81
Malloc 415.625 3621.19 4036.81
Malloc 415.625 3621.19 4036.81
Malloc 415.625 3621.19 4036.81
Malloc 415.625 3621.19 4036.81
Malloc 415.625 3621.19 4036.81
Malloc 415.625 3621.19 4036.81
Malloc 415.625 3621.19 4036.81
Malloc 415.625 3621.19 4036.81
Malloc 415.625 3621.19 4036.81
Malloc 415.625 3621.19 4036.81
Malloc 424.625 3612.19 4036.81
Malloc 424.625 3612.19 4036.81
Malloc 424.625 3612.19 4036.81
Malloc 424.625 3612.19 4036.81
Malloc 424.625 3612.19 4036.81
Malloc 424.625 3612.19 4036.81
Malloc 424.625 3612.19 4036.81
Malloc 424.625 3612.19 4036.81
Malloc 424.625 3612.19 4036.81
Malloc 424.625 3612.19 4036.81
Malloc 433.625 3603.19 4036.81
Malloc 433.625 3603.19 4036.81
Malloc 433.625 3603.19 4036.81
Malloc 433.625 3603.19 4036.81
Malloc 433.625 3603.19 4036.81
Malloc 433.625 3603.19 4036.81
Malloc 433.625 3603.19 4036.81
Malloc 433.625 3603.19 4036.81
Malloc 433.625 3603.19 4036.81
Malloc 433.625 3603.19 4036.81
Malloc 442.625 3594.19 4036.81
Malloc 442.625 3594.19 4036.81
Malloc 442.625 3594.19 4036.81
Malloc 442.625 3594.19 4036.81
Malloc 442.625 3594.19 4036.81
Malloc 442.625 3594.19 4036.81
Malloc 442.625 3594.19 4036.81
Malloc 442.625 3594.19 4036.81
Malloc 442.625 3594.19 4036.81
Malloc 442.625 3594.19 4036.81
Malloc 451.625 3585.19 4036.81
Malloc 451.625 3585.19 4036.81
Malloc 451.625 3585.19 4036.81
Malloc 451.625 3585.19 4036.81
Malloc 451.625 3585.19 4036.81
Malloc 451.625 3585.19 4036.81
Malloc 451.625 3585.19 4036.81
Malloc 451.625 3585.19 4036.81
Malloc 451.625 3585.19 4036.81
Malloc 451.625 3585.19 4036.81
Malloc 452.625 3584.19 4036.81
Malloc 452.625 3584.19 4036.81
Malloc 452.625 3584.19 4036.81
Malloc 452.625 3584.19 4036.81
Malloc 452.625 3584.19 4036.81
Malloc 452.625 3584.19 4036.81
Malloc 452.625 3584.19 4036.81
Malloc 452.625 3584.19 4036.81
Malloc 452.625 3584.19 4036.81
Malloc 452.625 3584.19 4036.81
Malloc 452.625 3584.19 4036.81
Malloc 452.625 3584.19 4036.81
Malloc 460.125 3576.69 4036.81
Malloc 460.125 3576.69 4036.81
Malloc 460.125 3576.69 4036.81
Malloc 618.375 3418.44 4036.81
Malloc 776.625 3260.19 4036.81
Free 618.375 3418.44 4036.81
Malloc 776.625 3260.19 4036.81
Malloc 934.875 3101.94 4036.81
Free 776.625 3260.19 4036.81
Malloc 934.875 3101.94 4036.81
Malloc 1093.12 2943.69 4036.81
Free 934.875 3101.94 4036.81
Malloc 935.875 3100.94 4036.81
Malloc 940.875 3095.94 4036.81
Malloc 1242.12 2794.69 4036.81
Malloc 1400.38 2636.44 4036.81
Free 1242.12 2794.69 4036.81
Free 1083.88 2952.94 4036.81
Malloc 1083.88 2952.94 4036.81
Malloc 1242.12 2794.69 4036.81
Malloc 1400.38 2636.44 4036.81
Free 1242.12 2794.69 4036.81
Malloc 1400.38 2636.44 4036.81
Malloc 1558.62 2478.19 4036.81
Free 1400.38 2636.44 4036.81
Malloc 1558.62 2478.19 4036.81
Malloc 1716.88 2319.94 4036.81
Free 1558.62 2478.19 4036.81
Malloc 1598.25 2438.56 4036.81
Malloc 1637.88 2398.94 4036.81
Free 1598.25 2438.56 4036.81
Malloc 1599.25 2437.56 4036.81
Malloc 1678.38 2358.44 4036.81
Malloc 1757.5 2279.31 4036.81
Free 1678.38 2358.44 4036.81
Malloc 1757.5 2279.31 4036.81
Malloc 1836.62 2200.19 4036.81
Free 1757.5 2279.31 4036.81
Malloc 1836.62 2200.19 4036.81
Malloc 1915.75 2121.06 4036.81
Free 1836.62 2200.19 4036.81
Malloc 1837.62 2199.19 4036.81
Malloc 1840.12 2196.69 4036.81
Malloc 1919.25 2117.56 4036.81
Malloc 1998.38 2038.44 4036.81
Free 1919.25 2117.56 4036.81
Free 1840.12 2196.69 4036.81
Malloc 1841.25 2195.56 4036.81
Malloc 1920.38 2116.44 4036.81
Malloc 1999.5 2037.31 4036.81
Free 1920.38 2116.44 4036.81
Malloc 1999.5 2037.31 4036.81
Malloc 2078.62 1958.19 4036.81
Free 1999.5 2037.31 4036.81
Malloc 2078.62 1958.19 4036.81
Malloc 2157.75 1879.06 4036.81
Free 2078.62 1958.19 4036.81
Malloc 2098.5 1938.31 4036.81
Malloc 2118.38 1918.44 4036.81
Free 2098.5 1938.31 4036.81
Malloc 2100.62 1936.19 4036.81
Malloc 2140.25 1896.56 4036.81
Malloc 2179.88 1856.94 4036.81
Free 2140.25 1896.56 4036.81
Malloc 2179.88 1856.94 4036.81
Malloc 2219.5 1817.31 4036.81
Free 2179.88 1856.94 4036.81
Malloc 2219.5 1817.31 4036.81
Malloc 2259.12 1777.69 4036.81
Free 2219.5 1817.31 4036.81
Malloc 2220.5 1816.31 4036.81
Malloc 2221.75 1815.06 4036.81
Malloc 2261.38 1775.44 4036.81
Malloc 2301 1735.81 4036.81
Free 2261.38 1775.44 4036.81
Free 2221.75 1815.06 4036.81
Malloc 2973.5 1063.31 4036.81
Malloc 3013.12 1023.69 4036.81
Malloc 3052.75 984.062 4036.81
Free 3013.12 1023.69 4036.81
Malloc 3052.75 984.062 4036.81
Malloc 3092.38 944.438 4036.81
Free 3052.75 984.062 4036.81
Malloc 3092.38 944.438 4036.81
Malloc 3132 904.812 4036.81
Free 3092.38 944.438 4036.81
Malloc 3093.38 943.438 4036.81
Malloc 3094.62 942.188 4036.81
Malloc 3134.25 902.562 4036.81
Malloc 3173.88 862.938 4036.81
Free 3134.25 902.562 4036.81
Free 3094.62 942.188 4036.81
Malloc 3846.38 190.438 4036.81
Malloc 3886 150.812 4036.81
Malloc 3925.62 111.188 4036.81
Free 3886 150.812 4036.81
Malloc 3925.62 111.188 4036.81
Malloc 3965.25 71.5625 4036.81
Free 3925.62 111.188 4036.81
Malloc 3965.25 71.5625 4036.81
Malloc 4004.88 31.9375 4036.81
Free 3965.25 71.5625 4036.81
Malloc 3975.25 61.5625 4036.81
Malloc 3985.25 51.5625 4036.81
Free 3975.25 61.5625 4036.81
Malloc 3983.38 53.4375 4036.81
Malloc 4003.25 33.5625 4036.81
Malloc 4023.12 13.6875 4036.81
Free 4003.25 33.5625 4036.81
Malloc 4023.12 13.6875 4036.81
Malloc 4023.12 13.6875 4036.81
