648.5 3388.31 4036.81
648.5 3388.31 4036.81
648.5 3388.31 4036.81
648.5 3388.31 4036.81
648.5 3388.31 4036.81
648.5 3388.31 4036.81
648.5 3388.31 4036.81
648.5 3388.31 4036.81
648.5 3388.31 4036.81
648.5 3388.31 4036.81
2301.75 1735.06 4036.81
2301.75 1735.06 4036.81
2501.75 1535.06 4036.81
2501.75 1535.06 4036.81
2501.75 1535.06 4036.81
2501.75 1535.06 4036.81
2501.75 1535.06 4036.81
2501.75 1535.06 4036.81
2501.75 1535.06 4036.81
2501.75 1535.06 4036.81
2501.75 1535.06 4036.81
2501.75 1535.06 4036.81
2501.75 1535.06 4036.81
2931.12 1105.69 4036.81
2931.12 1105.69 4036.81
2981.12 1055.69 4036.81
2981.12 1055.69 4036.81
2981.12 1055.69 4036.81
3031.12 1005.69 4036.81
3031.12 1005.69 4036.81
3031.12 1005.69 4036.81
3031.12 1005.69 4036.81
3031.12 1005.69 4036.81
3031.12 1005.69 4036.81
3031.12 1005.69 4036.81
3031.12 1005.69 4036.81
3677.38 359.438 4036.81
3677.38 359.438 4036.81
3677.38 359.438 4036.81
3677.38 359.438 4036.81
3677.38 359.438 4036.81
3702.38 334.438 4036.81
3702.38 334.438 4036.81
3702.38 334.438 4036.81
3702.38 334.438 4036.81
3702.38 334.438 4036.81
3702.38 334.438 4036.81
3702.38 334.438 4036.81
3702.38 334.438 4036.81
3702.38 334.438 4036.81
3702.38 334.438 4036.81
3702.38 334.438 4036.81
3702.38 334.438 4036.81
3702.38 334.438 4036.81
3702.38 334.438 4036.81
3702.38 334.438 4036.81
3702.38 334.438 4036.81
3702.38 334.438 4036.81
3702.38 334.438 4036.81
3702.38 334.438 4036.81
3702.38 334.438 4036.81
3702.38 334.438 4036.81
3702.38 334.438 4036.81
3702.38 334.438 4036.81
3702.38 334.438 4036.81
3702.38 334.438 4036.81
3702.38 334.438 4036.81
3702.38 334.438 4036.81
3702.38 334.438 4036.81
3702.38 334.438 4036.81
3702.38 334.438 4036.81
3702.38 334.438 4036.81
3702.38 334.438 4036.81
3702.38 334.438 4036.81
3702.38 334.438 4036.81
3702.38 334.438 4036.81
3702.38 334.438 4036.81
3702.38 334.438 4036.81
3702.38 334.438 4036.81
3702.38 334.438 4036.81
3702.38 334.438 4036.81
3702.38 334.438 4036.81
3702.38 334.438 4036.81
3702.38 334.438 4036.81
3702.38 334.438 4036.81
3702.38 334.438 4036.81
3702.38 334.438 4036.81
3702.38 334.438 4036.81
3727.38 309.438 4036.81
3727.38 309.438 4036.81
3727.38 309.438 4036.81
3727.38 309.438 4036.81
3727.38 309.438 4036.81
3727.38 309.438 4036.81
3727.38 309.438 4036.81
3727.38 309.438 4036.81
3727.38 309.438 4036.81
3727.38 309.438 4036.81
3727.38 309.438 4036.81
3727.38 309.438 4036.81
3727.38 309.438 4036.81
3727.38 309.438 4036.81
3727.38 309.438 4036.81
3727.38 309.438 4036.81
3727.38 309.438 4036.81
3727.38 309.438 4036.81
3727.38 309.438 4036.81
3727.38 309.438 4036.81
3727.38 309.438 4036.81
3727.38 309.438 4036.81
3727.38 309.438 4036.81
3727.38 309.438 4036.81
3727.38 309.438 4036.81
3727.38 309.438 4036.81
3727.38 309.438 4036.81
3727.38 309.438 4036.81
3727.38 309.438 4036.81
3727.38 309.438 4036.81
3727.38 309.438 4036.81
3727.38 309.438 4036.81
3727.38 309.438 4036.81
3727.38 309.438 4036.81
3727.38 309.438 4036.81
3727.38 309.438 4036.81
3727.38 309.438 4036.81
3727.38 309.438 4036.81
3727.38 309.438 4036.81
3727.38 309.438 4036.81
3727.38 309.438 4036.81
3727.38 309.438 4036.81
3727.38 309.438 4036.81
3727.38 309.438 4036.81
3727.38 309.438 4036.81
3727.38 309.438 4036.81
3727.38 309.438 4036.81
3727.38 309.438 4036.81
3727.38 309.438 4036.81
3727.38 309.438 4036.81
3727.38 309.438 4036.81
3727.38 309.438 4036.81
3727.38 309.438 4036.81
3727.38 309.438 4036.81
3727.38 309.438 4036.81
3727.38 309.438 4036.81
3727.38 309.438 4036.81
3727.38 309.438 4036.81
3727.38 309.438 4036.81
3727.38 309.438 4036.81
3727.38 309.438 4036.81
3727.38 309.438 4036.81
3727.38 309.438 4036.81
3727.38 309.438 4036.81
3727.38 309.438 4036.81
3927.38 109.438 4036.81
3927.38 109.438 4036.81
3927.38 109.438 4036.81
3927.38 109.438 4036.81
3927.38 109.438 4036.81
3927.38 109.438 4036.81
3927.38 109.438 4036.81
3927.38 109.438 4036.81
3927.38 109.438 4036.81
3927.38 109.438 4036.81
3927.38 109.438 4036.81
3927.38 109.438 4036.81
3927.38 109.438 4036.81
3927.38 109.438 4036.81
3927.38 109.438 4036.81
3927.38 109.438 4036.81
3927.38 109.438 4036.81
3927.38 109.438 4036.81
3927.38 109.438 4036.81
3927.38 109.438 4036.81
3927.38 109.438 4036.81
3927.38 109.438 4036.81
3927.38 109.438 4036.81
3927.38 109.438 4036.81
3927.38 109.438 4036.81
3927.38 109.438 4036.81
3927.38 109.438 4036.81
3927.38 109.438 4036.81
3927.38 109.438 4036.81
3927.38 109.438 4036.81
3927.38 109.438 4036.81
3927.38 109.438 4036.81
3927.38 109.438 4036.81
3927.38 109.438 4036.81
3927.38 109.438 4036.81
3927.38 109.438 4036.81
3927.38 109.438 4036.81
3927.38 109.438 4036.81
3927.38 109.438 4036.81
3927.38 109.438 4036.81
3927.38 109.438 4036.81
3927.38 109.438 4036.81
3927.38 109.438 4036.81
3927.38 109.438 4036.81
3927.38 109.438 4036.81
3927.38 109.438 4036.81
3927.38 109.438 4036.81
3927.38 109.438 4036.81
3927.38 109.438 4036.81
3927.38 109.438 4036.81
3927.38 109.438 4036.81
3927.38 109.438 4036.81
3927.38 109.438 4036.81
3927.38 109.438 4036.81
3927.38 109.438 4036.81
3927.38 109.438 4036.81
3927.38 109.438 4036.81
3927.38 109.438 4036.81
3927.38 109.438 4036.81
3927.38 109.438 4036.81
3927.38 109.438 4036.81
3927.38 109.438 4036.81
3927.38 109.438 4036.81
3927.38 109.438 4036.81
3927.38 109.438 4036.81
3927.38 109.438 4036.81
3927.38 109.438 4036.81
3927.38 109.438 4036.81
3927.38 109.438 4036.81
3927.38 109.438 4036.81
3927.38 109.438 4036.81
3927.38 109.438 4036.81
3927.38 109.438 4036.81
3927.38 109.438 4036.81
3927.38 109.438 4036.81
3927.38 109.438 4036.81
3927.38 109.438 4036.81
3927.38 109.438 4036.81
3927.38 109.438 4036.81
3927.38 109.438 4036.81
3927.38 109.438 4036.81
3927.38 109.438 4036.81
3927.38 109.438 4036.81
3927.38 109.438 4036.81
3927.38 109.438 4036.81
3927.38 109.438 4036.81
3927.38 109.438 4036.81
3927.38 109.438 4036.81
3927.38 109.438 4036.81
3927.38 109.438 4036.81
3927.38 109.438 4036.81
3927.38 109.438 4036.81
3927.38 109.438 4036.81
