648.5 3388.31 4036.81
648.5 3388.31 4036.81
648.5 3388.31 4036.81
648.5 3388.31 4036.81
648.5 3388.31 4036.81
648.5 3388.31 4036.81
648.5 3388.31 4036.81
648.5 3388.31 4036.81
648.5 3388.31 4036.81
648.5 3388.31 4036.81
648.5 3388.31 4036.81
648.5 3388.31 4036.81
648.5 3388.31 4036.81
648.5 3388.31 4036.81
648.5 3388.31 4036.81
648.5 3388.31 4036.81
648.5 3388.31 4036.81
648.5 3388.31 4036.81
648.5 3388.31 4036.81
648.5 3388.31 4036.81
648.5 3388.31 4036.81
648.5 3388.31 4036.81
648.5 3388.31 4036.81
648.5 3388.31 4036.81
648.5 3388.31 4036.81
648.5 3388.31 4036.81
648.5 3388.31 4036.81
648.5 3388.31 4036.81
648.5 3388.31 4036.81
648.5 3388.31 4036.81
648.5 3388.31 4036.81
648.5 3388.31 4036.81
648.5 3388.31 4036.81
648.5 3388.31 4036.81
648.5 3388.31 4036.81
648.5 3388.31 4036.81
648.5 3388.31 4036.81
648.5 3388.31 4036.81
648.5 3388.31 4036.81
648.5 3388.31 4036.81
648.5 3388.31 4036.81
648.5 3388.31 4036.81
648.5 3388.31 4036.81
648.5 3388.31 4036.81
648.5 3388.31 4036.81
648.5 3388.31 4036.81
648.5 3388.31 4036.81
648.5 3388.31 4036.81
648.5 3388.31 4036.81
648.5 3388.31 4036.81
648.5 3388.31 4036.81
648.5 3388.31 4036.81
648.5 3388.31 4036.81
648.5 3388.31 4036.81
648.5 3388.31 4036.81
648.5 3388.31 4036.81
648.5 3388.31 4036.81
648.5 3388.31 4036.81
648.5 3388.31 4036.81
648.5 3388.31 4036.81
648.5 3388.31 4036.81
648.5 3388.31 4036.81
648.5 3388.31 4036.81
648.5 3388.31 4036.81
648.5 3388.31 4036.81
648.5 3388.31 4036.81
648.5 3388.31 4036.81
648.5 3388.31 4036.81
648.5 3388.31 4036.81
648.5 3388.31 4036.81
648.5 3388.31 4036.81
648.5 3388.31 4036.81
648.5 3388.31 4036.81
648.5 3388.31 4036.81
648.5 3388.31 4036.81
648.5 3388.31 4036.81
648.5 3388.31 4036.81
648.5 3388.31 4036.81
648.5 3388.31 4036.81
648.5 3388.31 4036.81
648.5 3388.31 4036.81
648.5 3388.31 4036.81
648.5 3388.31 4036.81
648.5 3388.31 4036.81
648.5 3388.31 4036.81
648.5 3388.31 4036.81
648.5 3388.31 4036.81
648.5 3388.31 4036.81
648.5 3388.31 4036.81
648.5 3388.31 4036.81
648.5 3388.31 4036.81
648.5 3388.31 4036.81
648.5 3388.31 4036.81
648.5 3388.31 4036.81
648.5 3388.31 4036.81
648.5 3388.31 4036.81
648.5 3388.31 4036.81
648.5 3388.31 4036.81
648.5 3388.31 4036.81
648.5 3388.31 4036.81
648.5 3388.31 4036.81
648.5 3388.31 4036.81
648.5 3388.31 4036.81
648.5 3388.31 4036.81
648.5 3388.31 4036.81
648.5 3388.31 4036.81
648.5 3388.31 4036.81
648.5 3388.31 4036.81
648.5 3388.31 4036.81
648.5 3388.31 4036.81
648.5 3388.31 4036.81
648.5 3388.31 4036.81
648.5 3388.31 4036.81
648.5 3388.31 4036.81
648.5 3388.31 4036.81
648.5 3388.31 4036.81
648.5 3388.31 4036.81
648.5 3388.31 4036.81
648.5 3388.31 4036.81
648.5 3388.31 4036.81
648.5 3388.31 4036.81
648.5 3388.31 4036.81
648.5 3388.31 4036.81
648.5 3388.31 4036.81
648.5 3388.31 4036.81
648.5 3388.31 4036.81
648.5 3388.31 4036.81
648.5 3388.31 4036.81
648.5 3388.31 4036.81
648.5 3388.31 4036.81
648.5 3388.31 4036.81
648.5 3388.31 4036.81
648.5 3388.31 4036.81
648.5 3388.31 4036.81
648.5 3388.31 4036.81
648.5 3388.31 4036.81
648.5 3388.31 4036.81
648.5 3388.31 4036.81
648.5 3388.31 4036.81
648.5 3388.31 4036.81
648.5 3388.31 4036.81
648.5 3388.31 4036.81
648.5 3388.31 4036.81
648.5 3388.31 4036.81
648.5 3388.31 4036.81
648.5 3388.31 4036.81
648.5 3388.31 4036.81
648.5 3388.31 4036.81
648.5 3388.31 4036.81
648.5 3388.31 4036.81
648.5 3388.31 4036.81
648.5 3388.31 4036.81
648.5 3388.31 4036.81
648.5 3388.31 4036.81
648.5 3388.31 4036.81
648.5 3388.31 4036.81
648.5 3388.31 4036.81
648.5 3388.31 4036.81
648.5 3388.31 4036.81
648.5 3388.31 4036.81
648.5 3388.31 4036.81
648.5 3388.31 4036.81
648.5 3388.31 4036.81
648.5 3388.31 4036.81
648.5 3388.31 4036.81
648.5 3388.31 4036.81
648.5 3388.31 4036.81
648.5 3388.31 4036.81
648.5 3388.31 4036.81
648.5 3388.31 4036.81
648.5 3388.31 4036.81
648.5 3388.31 4036.81
648.5 3388.31 4036.81
648.5 3388.31 4036.81
648.5 3388.31 4036.81
648.5 3388.31 4036.81
648.5 3388.31 4036.81
648.5 3388.31 4036.81
648.5 3388.31 4036.81
648.5 3388.31 4036.81
648.5 3388.31 4036.81
648.5 3388.31 4036.81
648.5 3388.31 4036.81
648.5 3388.31 4036.81
648.5 3388.31 4036.81
648.5 3388.31 4036.81
648.5 3388.31 4036.81
648.5 3388.31 4036.81
648.5 3388.31 4036.81
648.5 3388.31 4036.81
648.5 3388.31 4036.81
648.5 3388.31 4036.81
648.5 3388.31 4036.81
648.5 3388.31 4036.81
648.5 3388.31 4036.81
648.5 3388.31 4036.81
648.5 3388.31 4036.81
648.5 3388.31 4036.81
648.5 3388.31 4036.81
648.5 3388.31 4036.81
648.5 3388.31 4036.81
648.5 3388.31 4036.81
648.5 3388.31 4036.81
648.5 3388.31 4036.81
648.5 3388.31 4036.81
648.5 3388.31 4036.81
648.5 3388.31 4036.81
648.5 3388.31 4036.81
648.5 3388.31 4036.81
648.5 3388.31 4036.81
648.5 3388.31 4036.81
648.5 3388.31 4036.81
648.5 3388.31 4036.81
648.5 3388.31 4036.81
648.5 3388.31 4036.81
648.5 3388.31 4036.81
648.5 3388.31 4036.81
648.5 3388.31 4036.81
648.5 3388.31 4036.81
648.5 3388.31 4036.81
648.5 3388.31 4036.81
648.5 3388.31 4036.81
711 3325.81 4036.81
711 3325.81 4036.81
711 3325.81 4036.81
711 3325.81 4036.81
773.5 3263.31 4036.81
773.5 3263.31 4036.81
773.5 3263.31 4036.81
836 3200.81 4036.81
836 3200.81 4036.81
836 3200.81 4036.81
898.5 3138.31 4036.81
898.5 3138.31 4036.81
898.5 3138.31 4036.81
898.5 3138.31 4036.81
961 3075.81 4036.81
961 3075.81 4036.81
961 3075.81 4036.81
1023.5 3013.31 4036.81
1023.5 3013.31 4036.81
1023.5 3013.31 4036.81
1023.5 3013.31 4036.81
1023.5 3013.31 4036.81
1023.5 3013.31 4036.81
1086 2950.81 4036.81
1086 2950.81 4036.81
1086 2950.81 4036.81
1148.5 2888.31 4036.81
1148.5 2888.31 4036.81
1148.5 2888.31 4036.81
1211 2825.81 4036.81
1211 2825.81 4036.81
1211 2825.81 4036.81
1211 2825.81 4036.81
1273.5 2763.31 4036.81
1273.5 2763.31 4036.81
1273.5 2763.31 4036.81
1336 2700.81 4036.81
1336 2700.81 4036.81
1336 2700.81 4036.81
1336 2700.81 4036.81
1336 2700.81 4036.81
1336 2700.81 4036.81
1398.5 2638.31 4036.81
1398.5 2638.31 4036.81
1398.5 2638.31 4036.81
1461 2575.81 4036.81
1461 2575.81 4036.81
1461 2575.81 4036.81
1523.5 2513.31 4036.81
1523.5 2513.31 4036.81
1523.5 2513.31 4036.81
1523.5 2513.31 4036.81
1586 2450.81 4036.81
1586 2450.81 4036.81
1586 2450.81 4036.81
1648.5 2388.31 4036.81
1648.5 2388.31 4036.81
1648.5 2388.31 4036.81
1648.5 2388.31 4036.81
1648.5 2388.31 4036.81
1648.5 2388.31 4036.81
1648.5 2388.31 4036.81
1648.5 2388.31 4036.81
1648.5 2388.31 4036.81
1648.5 2388.31 4036.81
1648.5 2388.31 4036.81
1648.5 2388.31 4036.81
1648.5 2388.31 4036.81
1679.75 2357.06 4036.81
1679.75 2357.06 4036.81
1679.75 2357.06 4036.81
1711 2325.81 4036.81
1711 2325.81 4036.81
1711 2325.81 4036.81
1742.25 2294.56 4036.81
1742.25 2294.56 4036.81
1742.25 2294.56 4036.81
1742.25 2294.56 4036.81
1773.5 2263.31 4036.81
1773.5 2263.31 4036.81
1773.5 2263.31 4036.81
1804.75 2232.06 4036.81
1804.75 2232.06 4036.81
1804.75 2232.06 4036.81
1804.75 2232.06 4036.81
1804.75 2232.06 4036.81
1804.75 2232.06 4036.81
1804.75 2232.06 4036.81
1804.75 2232.06 4036.81
1804.75 2232.06 4036.81
1804.75 2232.06 4036.81
1836 2200.81 4036.81
1836 2200.81 4036.81
1836 2200.81 4036.81
1867.25 2169.56 4036.81
1867.25 2169.56 4036.81
1867.25 2169.56 4036.81
1867.25 2169.56 4036.81
1898.5 2138.31 4036.81
1898.5 2138.31 4036.81
1898.5 2138.31 4036.81
1929.75 2107.06 4036.81
1929.75 2107.06 4036.81
1929.75 2107.06 4036.81
1929.75 2107.06 4036.81
1929.75 2107.06 4036.81
1929.75 2107.06 4036.81
1961 2075.81 4036.81
1961 2075.81 4036.81
1961 2075.81 4036.81
1992.25 2044.56 4036.81
1992.25 2044.56 4036.81
1992.25 2044.56 4036.81
2023.5 2013.31 4036.81
2023.5 2013.31 4036.81
2023.5 2013.31 4036.81
2023.5 2013.31 4036.81
2054.75 1982.06 4036.81
2054.75 1982.06 4036.81
2054.75 1982.06 4036.81
2086 1950.81 4036.81
2086 1950.81 4036.81
2086 1950.81 4036.81
2086 1950.81 4036.81
2086 1950.81 4036.81
2086 1950.81 4036.81
2086 1950.81 4036.81
2086 1950.81 4036.81
2086 1950.81 4036.81
2086 1950.81 4036.81
2086 1950.81 4036.81
2086 1950.81 4036.81
2086 1950.81 4036.81
2101.62 1935.19 4036.81
2101.62 1935.19 4036.81
2101.62 1935.19 4036.81
2117.25 1919.56 4036.81
2117.25 1919.56 4036.81
2117.25 1919.56 4036.81
2132.88 1903.94 4036.81
2132.88 1903.94 4036.81
2132.88 1903.94 4036.81
2132.88 1903.94 4036.81
2148.5 1888.31 4036.81
2148.5 1888.31 4036.81
2148.5 1888.31 4036.81
2164.12 1872.69 4036.81
2164.12 1872.69 4036.81
2164.12 1872.69 4036.81
2164.12 1872.69 4036.81
2164.12 1872.69 4036.81
2164.12 1872.69 4036.81
2164.12 1872.69 4036.81
2164.12 1872.69 4036.81
2164.12 1872.69 4036.81
2164.12 1872.69 4036.81
2179.75 1857.06 4036.81
2179.75 1857.06 4036.81
2179.75 1857.06 4036.81
2195.38 1841.44 4036.81
2195.38 1841.44 4036.81
2195.38 1841.44 4036.81
2195.38 1841.44 4036.81
2211 1825.81 4036.81
2211 1825.81 4036.81
2211 1825.81 4036.81
2226.62 1810.19 4036.81
2226.62 1810.19 4036.81
2226.62 1810.19 4036.81
2226.62 1810.19 4036.81
2226.62 1810.19 4036.81
2226.62 1810.19 4036.81
2242.25 1794.56 4036.81
2242.25 1794.56 4036.81
2242.25 1794.56 4036.81
2257.88 1778.94 4036.81
2257.88 1778.94 4036.81
2257.88 1778.94 4036.81
2273.5 1763.31 4036.81
2273.5 1763.31 4036.81
2273.5 1763.31 4036.81
2273.5 1763.31 4036.81
2289.12 1747.69 4036.81
2289.12 1747.69 4036.81
2289.12 1747.69 4036.81
2304.75 1732.06 4036.81
2304.75 1732.06 4036.81
2304.75 1732.06 4036.81
2304.75 1732.06 4036.81
2304.75 1732.06 4036.81
2304.75 1732.06 4036.81
2304.75 1732.06 4036.81
2304.75 1732.06 4036.81
2304.75 1732.06 4036.81
2304.75 1732.06 4036.81
2304.75 1732.06 4036.81
2304.75 1732.06 4036.81
2304.75 1732.06 4036.81
2304.75 1732.06 4036.81
2304.75 1732.06 4036.81
2304.75 1732.06 4036.81
2304.75 1732.06 4036.81
2304.75 1732.06 4036.81
2304.75 1732.06 4036.81
2304.75 1732.06 4036.81
2304.75 1732.06 4036.81
2304.75 1732.06 4036.81
2304.75 1732.06 4036.81
2304.75 1732.06 4036.81
2304.75 1732.06 4036.81
2304.75 1732.06 4036.81
2304.75 1732.06 4036.81
2304.75 1732.06 4036.81
2304.75 1732.06 4036.81
2304.75 1732.06 4036.81
2304.75 1732.06 4036.81
2304.75 1732.06 4036.81
2304.75 1732.06 4036.81
2304.75 1732.06 4036.81
2304.75 1732.06 4036.81
2304.75 1732.06 4036.81
2304.75 1732.06 4036.81
2304.75 1732.06 4036.81
2304.75 1732.06 4036.81
2304.75 1732.06 4036.81
2304.75 1732.06 4036.81
2304.75 1732.06 4036.81
2304.75 1732.06 4036.81
2304.75 1732.06 4036.81
2304.75 1732.06 4036.81
2304.75 1732.06 4036.81
2304.75 1732.06 4036.81
2304.75 1732.06 4036.81
2304.75 1732.06 4036.81
2304.75 1732.06 4036.81
2304.75 1732.06 4036.81
2304.75 1732.06 4036.81
2304.75 1732.06 4036.81
2304.75 1732.06 4036.81
2304.75 1732.06 4036.81
2304.75 1732.06 4036.81
2304.75 1732.06 4036.81
2304.75 1732.06 4036.81
2304.75 1732.06 4036.81
2304.75 1732.06 4036.81
2304.75 1732.06 4036.81
2304.75 1732.06 4036.81
2304.75 1732.06 4036.81
2304.75 1732.06 4036.81
2304.75 1732.06 4036.81
2304.75 1732.06 4036.81
2304.75 1732.06 4036.81
2304.75 1732.06 4036.81
2304.75 1732.06 4036.81
2304.75 1732.06 4036.81
2304.75 1732.06 4036.81
2304.75 1732.06 4036.81
2304.75 1732.06 4036.81
2304.75 1732.06 4036.81
2304.75 1732.06 4036.81
2304.75 1732.06 4036.81
2304.75 1732.06 4036.81
2304.75 1732.06 4036.81
2304.75 1732.06 4036.81
2304.75 1732.06 4036.81
2304.75 1732.06 4036.81
2304.75 1732.06 4036.81
2304.75 1732.06 4036.81
2304.75 1732.06 4036.81
2304.75 1732.06 4036.81
2304.75 1732.06 4036.81
2304.75 1732.06 4036.81
2304.75 1732.06 4036.81
2304.75 1732.06 4036.81
2304.75 1732.06 4036.81
2304.75 1732.06 4036.81
2304.75 1732.06 4036.81
2304.75 1732.06 4036.81
2304.75 1732.06 4036.81
2304.75 1732.06 4036.81
2304.75 1732.06 4036.81
2304.75 1732.06 4036.81
2304.75 1732.06 4036.81
2304.75 1732.06 4036.81
2304.75 1732.06 4036.81
2304.75 1732.06 4036.81
2304.75 1732.06 4036.81
2304.75 1732.06 4036.81
2304.75 1732.06 4036.81
2304.75 1732.06 4036.81
2304.75 1732.06 4036.81
2304.75 1732.06 4036.81
2304.75 1732.06 4036.81
2304.75 1732.06 4036.81
2304.75 1732.06 4036.81
2304.75 1732.06 4036.81
2304.75 1732.06 4036.81
2304.75 1732.06 4036.81
2304.75 1732.06 4036.81
2304.75 1732.06 4036.81
2304.75 1732.06 4036.81
2304.75 1732.06 4036.81
2304.75 1732.06 4036.81
2304.75 1732.06 4036.81
2304.75 1732.06 4036.81
2304.75 1732.06 4036.81
2304.75 1732.06 4036.81
2304.75 1732.06 4036.81
2304.75 1732.06 4036.81
2304.75 1732.06 4036.81
2304.75 1732.06 4036.81
2304.75 1732.06 4036.81
2304.75 1732.06 4036.81
2304.75 1732.06 4036.81
2304.75 1732.06 4036.81
2304.75 1732.06 4036.81
2304.75 1732.06 4036.81
2304.75 1732.06 4036.81
2304.75 1732.06 4036.81
2304.75 1732.06 4036.81
2304.75 1732.06 4036.81
2304.75 1732.06 4036.81
2304.75 1732.06 4036.81
2304.75 1732.06 4036.81
2304.75 1732.06 4036.81
2304.75 1732.06 4036.81
2304.75 1732.06 4036.81
2304.75 1732.06 4036.81
2304.75 1732.06 4036.81
2304.75 1732.06 4036.81
2304.75 1732.06 4036.81
2304.75 1732.06 4036.81
2304.75 1732.06 4036.81
2304.75 1732.06 4036.81
2304.75 1732.06 4036.81
2304.75 1732.06 4036.81
2304.75 1732.06 4036.81
2304.75 1732.06 4036.81
2304.75 1732.06 4036.81
2304.75 1732.06 4036.81
2304.75 1732.06 4036.81
2304.75 1732.06 4036.81
2304.75 1732.06 4036.81
2304.75 1732.06 4036.81
2304.75 1732.06 4036.81
2304.75 1732.06 4036.81
2304.75 1732.06 4036.81
2304.75 1732.06 4036.81
2304.75 1732.06 4036.81
2304.75 1732.06 4036.81
2304.75 1732.06 4036.81
2304.75 1732.06 4036.81
2304.75 1732.06 4036.81
2304.75 1732.06 4036.81
2304.75 1732.06 4036.81
2304.75 1732.06 4036.81
2304.75 1732.06 4036.81
2304.75 1732.06 4036.81
2304.75 1732.06 4036.81
2304.75 1732.06 4036.81
2304.75 1732.06 4036.81
2304.75 1732.06 4036.81
2304.75 1732.06 4036.81
2304.75 1732.06 4036.81
2304.75 1732.06 4036.81
2304.75 1732.06 4036.81
2304.75 1732.06 4036.81
2304.75 1732.06 4036.81
2304.75 1732.06 4036.81
2304.75 1732.06 4036.81
2304.75 1732.06 4036.81
2304.75 1732.06 4036.81
2304.75 1732.06 4036.81
2304.75 1732.06 4036.81
2304.75 1732.06 4036.81
2304.75 1732.06 4036.81
2304.75 1732.06 4036.81
2304.75 1732.06 4036.81
2304.75 1732.06 4036.81
2304.75 1732.06 4036.81
2304.75 1732.06 4036.81
2304.75 1732.06 4036.81
2304.75 1732.06 4036.81
2304.75 1732.06 4036.81
2304.75 1732.06 4036.81
2304.75 1732.06 4036.81
2304.75 1732.06 4036.81
2304.75 1732.06 4036.81
2304.75 1732.06 4036.81
2304.75 1732.06 4036.81
2304.75 1732.06 4036.81
2304.75 1732.06 4036.81
2304.75 1732.06 4036.81
2304.75 1732.06 4036.81
2304.75 1732.06 4036.81
2304.75 1732.06 4036.81
2304.75 1732.06 4036.81
2304.75 1732.06 4036.81
2304.75 1732.06 4036.81
2304.75 1732.06 4036.81
2304.75 1732.06 4036.81
2304.75 1732.06 4036.81
2304.75 1732.06 4036.81
2304.75 1732.06 4036.81
2304.75 1732.06 4036.81
2304.75 1732.06 4036.81
2304.75 1732.06 4036.81
2304.75 1732.06 4036.81
2304.75 1732.06 4036.81
2304.75 1732.06 4036.81
2304.75 1732.06 4036.81
2304.75 1732.06 4036.81
2304.75 1732.06 4036.81
2304.75 1732.06 4036.81
2304.75 1732.06 4036.81
2304.75 1732.06 4036.81
2304.75 1732.06 4036.81
2304.75 1732.06 4036.81
2304.75 1732.06 4036.81
2304.75 1732.06 4036.81
2304.75 1732.06 4036.81
2304.75 1732.06 4036.81
2304.75 1732.06 4036.81
2304.75 1732.06 4036.81
2304.75 1732.06 4036.81
2304.75 1732.06 4036.81
2304.75 1732.06 4036.81
2304.75 1732.06 4036.81
2304.75 1732.06 4036.81
2304.75 1732.06 4036.81
2304.75 1732.06 4036.81
2304.75 1732.06 4036.81
2304.75 1732.06 4036.81
2304.75 1732.06 4036.81
2304.75 1732.06 4036.81
2304.75 1732.06 4036.81
2304.75 1732.06 4036.81
2304.75 1732.06 4036.81
2336 1700.81 4036.81
2336 1700.81 4036.81
2336 1700.81 4036.81
2336 1700.81 4036.81
2336 1700.81 4036.81
2336 1700.81 4036.81
2336 1700.81 4036.81
2336 1700.81 4036.81
2336 1700.81 4036.81
2336 1700.81 4036.81
2336 1700.81 4036.81
2336 1700.81 4036.81
2336 1700.81 4036.81
2336 1700.81 4036.81
2336 1700.81 4036.81
2336 1700.81 4036.81
2336 1700.81 4036.81
2336 1700.81 4036.81
2336 1700.81 4036.81
2336 1700.81 4036.81
2336 1700.81 4036.81
2336 1700.81 4036.81
2336 1700.81 4036.81
2336 1700.81 4036.81
2336 1700.81 4036.81
2336 1700.81 4036.81
2336 1700.81 4036.81
2336 1700.81 4036.81
2336 1700.81 4036.81
2336 1700.81 4036.81
2336 1700.81 4036.81
2336 1700.81 4036.81
2336 1700.81 4036.81
2336 1700.81 4036.81
2336 1700.81 4036.81
2336 1700.81 4036.81
2336 1700.81 4036.81
2336 1700.81 4036.81
2336 1700.81 4036.81
2336 1700.81 4036.81
2336 1700.81 4036.81
2336 1700.81 4036.81
2336 1700.81 4036.81
2336 1700.81 4036.81
2336 1700.81 4036.81
2336 1700.81 4036.81
2336 1700.81 4036.81
2336 1700.81 4036.81
2336 1700.81 4036.81
2336 1700.81 4036.81
2336 1700.81 4036.81
2336 1700.81 4036.81
2336 1700.81 4036.81
2336 1700.81 4036.81
2336 1700.81 4036.81
2336 1700.81 4036.81
2336 1700.81 4036.81
2336 1700.81 4036.81
2336 1700.81 4036.81
2336 1700.81 4036.81
2336 1700.81 4036.81
2336 1700.81 4036.81
2336 1700.81 4036.81
2336 1700.81 4036.81
2336 1700.81 4036.81
2336 1700.81 4036.81
2336 1700.81 4036.81
2336 1700.81 4036.81
2336 1700.81 4036.81
2336 1700.81 4036.81
2336 1700.81 4036.81
2336 1700.81 4036.81
2336 1700.81 4036.81
2336 1700.81 4036.81
2336 1700.81 4036.81
2336 1700.81 4036.81
2336 1700.81 4036.81
2336 1700.81 4036.81
2336 1700.81 4036.81
2336 1700.81 4036.81
2336 1700.81 4036.81
2336 1700.81 4036.81
2336 1700.81 4036.81
2336 1700.81 4036.81
2336 1700.81 4036.81
2336 1700.81 4036.81
2336 1700.81 4036.81
2336 1700.81 4036.81
2336 1700.81 4036.81
2336 1700.81 4036.81
2336 1700.81 4036.81
2336 1700.81 4036.81
2336 1700.81 4036.81
2336 1700.81 4036.81
2336 1700.81 4036.81
2336 1700.81 4036.81
2336 1700.81 4036.81
2336 1700.81 4036.81
2336 1700.81 4036.81
2336 1700.81 4036.81
2336 1700.81 4036.81
2336 1700.81 4036.81
2336 1700.81 4036.81
2336 1700.81 4036.81
2336 1700.81 4036.81
2336 1700.81 4036.81
2336 1700.81 4036.81
2336 1700.81 4036.81
2336 1700.81 4036.81
2336 1700.81 4036.81
2336 1700.81 4036.81
2336 1700.81 4036.81
2336 1700.81 4036.81
2336 1700.81 4036.81
2336 1700.81 4036.81
2336 1700.81 4036.81
2336 1700.81 4036.81
2336 1700.81 4036.81
2336 1700.81 4036.81
2336 1700.81 4036.81
2336 1700.81 4036.81
2336 1700.81 4036.81
2336 1700.81 4036.81
2336 1700.81 4036.81
2336 1700.81 4036.81
2336 1700.81 4036.81
2336 1700.81 4036.81
2336 1700.81 4036.81
2336 1700.81 4036.81
2336 1700.81 4036.81
2336 1700.81 4036.81
2336 1700.81 4036.81
2336 1700.81 4036.81
2336 1700.81 4036.81
2336 1700.81 4036.81
2336 1700.81 4036.81
2336 1700.81 4036.81
2336 1700.81 4036.81
2336 1700.81 4036.81
2336 1700.81 4036.81
2336 1700.81 4036.81
2336 1700.81 4036.81
2336 1700.81 4036.81
2336 1700.81 4036.81
2336 1700.81 4036.81
2336 1700.81 4036.81
2336 1700.81 4036.81
2336 1700.81 4036.81
2336 1700.81 4036.81
2336 1700.81 4036.81
2336 1700.81 4036.81
2336 1700.81 4036.81
2336 1700.81 4036.81
2336 1700.81 4036.81
2336 1700.81 4036.81
2336 1700.81 4036.81
2336 1700.81 4036.81
2336 1700.81 4036.81
2336 1700.81 4036.81
2336 1700.81 4036.81
2336 1700.81 4036.81
2336 1700.81 4036.81
2336 1700.81 4036.81
2336 1700.81 4036.81
2336 1700.81 4036.81
2336 1700.81 4036.81
2336 1700.81 4036.81
2336 1700.81 4036.81
2336 1700.81 4036.81
2336 1700.81 4036.81
2336 1700.81 4036.81
2336 1700.81 4036.81
2336 1700.81 4036.81
2336 1700.81 4036.81
2336 1700.81 4036.81
2336 1700.81 4036.81
2336 1700.81 4036.81
2336 1700.81 4036.81
2336 1700.81 4036.81
2336 1700.81 4036.81
2336 1700.81 4036.81
2336 1700.81 4036.81
2336 1700.81 4036.81
2336 1700.81 4036.81
2336 1700.81 4036.81
2336 1700.81 4036.81
2336 1700.81 4036.81
2336 1700.81 4036.81
2336 1700.81 4036.81
2336 1700.81 4036.81
2336 1700.81 4036.81
2336 1700.81 4036.81
2336 1700.81 4036.81
2336 1700.81 4036.81
2336 1700.81 4036.81
2336 1700.81 4036.81
2336 1700.81 4036.81
2336 1700.81 4036.81
2336 1700.81 4036.81
2336 1700.81 4036.81
2336 1700.81 4036.81
2336 1700.81 4036.81
2336 1700.81 4036.81
2336 1700.81 4036.81
2336 1700.81 4036.81
2336 1700.81 4036.81
2336 1700.81 4036.81
2336 1700.81 4036.81
2336 1700.81 4036.81
2336 1700.81 4036.81
2336 1700.81 4036.81
2336 1700.81 4036.81
2336 1700.81 4036.81
2336 1700.81 4036.81
2336 1700.81 4036.81
2336 1700.81 4036.81
2336 1700.81 4036.81
2336 1700.81 4036.81
2336 1700.81 4036.81
2336 1700.81 4036.81
2336 1700.81 4036.81
2336 1700.81 4036.81
2336 1700.81 4036.81
2336 1700.81 4036.81
2336 1700.81 4036.81
2336 1700.81 4036.81
2336 1700.81 4036.81
2336 1700.81 4036.81
2336 1700.81 4036.81
2336 1700.81 4036.81
2336 1700.81 4036.81
2336 1700.81 4036.81
2336 1700.81 4036.81
2336 1700.81 4036.81
2336 1700.81 4036.81
2336 1700.81 4036.81
2336 1700.81 4036.81
2336 1700.81 4036.81
2336 1700.81 4036.81
2336 1700.81 4036.81
2336 1700.81 4036.81
2336 1700.81 4036.81
2336 1700.81 4036.81
2336 1700.81 4036.81
2398.5 1638.31 4036.81
2398.5 1638.31 4036.81
2398.5 1638.31 4036.81
2398.5 1638.31 4036.81
2398.5 1638.31 4036.81
2398.5 1638.31 4036.81
2398.5 1638.31 4036.81
2398.5 1638.31 4036.81
2398.5 1638.31 4036.81
2398.5 1638.31 4036.81
2398.5 1638.31 4036.81
2398.5 1638.31 4036.81
2398.5 1638.31 4036.81
2398.5 1638.31 4036.81
2398.5 1638.31 4036.81
2398.5 1638.31 4036.81
2398.5 1638.31 4036.81
2398.5 1638.31 4036.81
2398.5 1638.31 4036.81
2398.5 1638.31 4036.81
2398.5 1638.31 4036.81
2398.5 1638.31 4036.81
2398.5 1638.31 4036.81
2398.5 1638.31 4036.81
2398.5 1638.31 4036.81
2398.5 1638.31 4036.81
2398.5 1638.31 4036.81
2398.5 1638.31 4036.81
2398.5 1638.31 4036.81
2398.5 1638.31 4036.81
2398.5 1638.31 4036.81
2398.5 1638.31 4036.81
2398.5 1638.31 4036.81
2398.5 1638.31 4036.81
2398.5 1638.31 4036.81
2398.5 1638.31 4036.81
2398.5 1638.31 4036.81
2398.5 1638.31 4036.81
2398.5 1638.31 4036.81
2398.5 1638.31 4036.81
2398.5 1638.31 4036.81
2398.5 1638.31 4036.81
2398.5 1638.31 4036.81
2398.5 1638.31 4036.81
2398.5 1638.31 4036.81
2398.5 1638.31 4036.81
2398.5 1638.31 4036.81
2398.5 1638.31 4036.81
2398.5 1638.31 4036.81
2398.5 1638.31 4036.81
2398.5 1638.31 4036.81
2398.5 1638.31 4036.81
2398.5 1638.31 4036.81
2398.5 1638.31 4036.81
2398.5 1638.31 4036.81
2398.5 1638.31 4036.81
2398.5 1638.31 4036.81
2398.5 1638.31 4036.81
2398.5 1638.31 4036.81
2398.5 1638.31 4036.81
2398.5 1638.31 4036.81
2398.5 1638.31 4036.81
2398.5 1638.31 4036.81
2398.5 1638.31 4036.81
2398.5 1638.31 4036.81
2398.5 1638.31 4036.81
2398.5 1638.31 4036.81
2398.5 1638.31 4036.81
2398.5 1638.31 4036.81
2398.5 1638.31 4036.81
2398.5 1638.31 4036.81
2398.5 1638.31 4036.81
2398.5 1638.31 4036.81
2398.5 1638.31 4036.81
2398.5 1638.31 4036.81
2398.5 1638.31 4036.81
2398.5 1638.31 4036.81
2398.5 1638.31 4036.81
2398.5 1638.31 4036.81
2398.5 1638.31 4036.81
2398.5 1638.31 4036.81
2398.5 1638.31 4036.81
2398.5 1638.31 4036.81
2398.5 1638.31 4036.81
2398.5 1638.31 4036.81
2398.5 1638.31 4036.81
2398.5 1638.31 4036.81
2398.5 1638.31 4036.81
2398.5 1638.31 4036.81
2398.5 1638.31 4036.81
2398.5 1638.31 4036.81
2398.5 1638.31 4036.81
2398.5 1638.31 4036.81
2398.5 1638.31 4036.81
2398.5 1638.31 4036.81
2398.5 1638.31 4036.81
2398.5 1638.31 4036.81
2398.5 1638.31 4036.81
2398.5 1638.31 4036.81
2398.5 1638.31 4036.81
2398.5 1638.31 4036.81
2398.5 1638.31 4036.81
2398.5 1638.31 4036.81
2398.5 1638.31 4036.81
2398.5 1638.31 4036.81
2398.5 1638.31 4036.81
2398.5 1638.31 4036.81
2398.5 1638.31 4036.81
2398.5 1638.31 4036.81
2398.5 1638.31 4036.81
2398.5 1638.31 4036.81
2398.5 1638.31 4036.81
2398.5 1638.31 4036.81
2398.5 1638.31 4036.81
2398.5 1638.31 4036.81
2398.5 1638.31 4036.81
2398.5 1638.31 4036.81
2398.5 1638.31 4036.81
2398.5 1638.31 4036.81
2398.5 1638.31 4036.81
2398.5 1638.31 4036.81
2398.5 1638.31 4036.81
2398.5 1638.31 4036.81
2398.5 1638.31 4036.81
2398.5 1638.31 4036.81
2398.5 1638.31 4036.81
2398.5 1638.31 4036.81
2398.5 1638.31 4036.81
2398.5 1638.31 4036.81
2398.5 1638.31 4036.81
2398.5 1638.31 4036.81
2398.5 1638.31 4036.81
2398.5 1638.31 4036.81
2398.5 1638.31 4036.81
2398.5 1638.31 4036.81
2398.5 1638.31 4036.81
2398.5 1638.31 4036.81
2398.5 1638.31 4036.81
2398.5 1638.31 4036.81
2398.5 1638.31 4036.81
2398.5 1638.31 4036.81
2398.5 1638.31 4036.81
2398.5 1638.31 4036.81
2398.5 1638.31 4036.81
2398.5 1638.31 4036.81
2398.5 1638.31 4036.81
2398.5 1638.31 4036.81
2398.5 1638.31 4036.81
2398.5 1638.31 4036.81
2398.5 1638.31 4036.81
2398.5 1638.31 4036.81
2398.5 1638.31 4036.81
2398.5 1638.31 4036.81
2398.5 1638.31 4036.81
2398.5 1638.31 4036.81
2398.5 1638.31 4036.81
2398.5 1638.31 4036.81
2398.5 1638.31 4036.81
2398.5 1638.31 4036.81
2398.5 1638.31 4036.81
2398.5 1638.31 4036.81
2398.5 1638.31 4036.81
2398.5 1638.31 4036.81
2398.5 1638.31 4036.81
2398.5 1638.31 4036.81
2398.5 1638.31 4036.81
2398.5 1638.31 4036.81
2398.5 1638.31 4036.81
2398.5 1638.31 4036.81
2398.5 1638.31 4036.81
2398.5 1638.31 4036.81
2398.5 1638.31 4036.81
2398.5 1638.31 4036.81
2398.5 1638.31 4036.81
2398.5 1638.31 4036.81
2398.5 1638.31 4036.81
2398.5 1638.31 4036.81
2398.5 1638.31 4036.81
2398.5 1638.31 4036.81
2398.5 1638.31 4036.81
2398.5 1638.31 4036.81
2398.5 1638.31 4036.81
2398.5 1638.31 4036.81
2398.5 1638.31 4036.81
2398.5 1638.31 4036.81
2398.5 1638.31 4036.81
2398.5 1638.31 4036.81
2398.5 1638.31 4036.81
2398.5 1638.31 4036.81
2398.5 1638.31 4036.81
2398.5 1638.31 4036.81
2398.5 1638.31 4036.81
2398.5 1638.31 4036.81
2398.5 1638.31 4036.81
2398.5 1638.31 4036.81
2398.5 1638.31 4036.81
2398.5 1638.31 4036.81
2398.5 1638.31 4036.81
2398.5 1638.31 4036.81
2398.5 1638.31 4036.81
2398.5 1638.31 4036.81
2398.5 1638.31 4036.81
2398.5 1638.31 4036.81
2398.5 1638.31 4036.81
2398.5 1638.31 4036.81
2398.5 1638.31 4036.81
2398.5 1638.31 4036.81
2398.5 1638.31 4036.81
2398.5 1638.31 4036.81
2398.5 1638.31 4036.81
2398.5 1638.31 4036.81
2398.5 1638.31 4036.81
2398.5 1638.31 4036.81
2398.5 1638.31 4036.81
2398.5 1638.31 4036.81
2398.5 1638.31 4036.81
2398.5 1638.31 4036.81
2398.5 1638.31 4036.81
2398.5 1638.31 4036.81
2398.5 1638.31 4036.81
2398.5 1638.31 4036.81
2398.5 1638.31 4036.81
2398.5 1638.31 4036.81
2398.5 1638.31 4036.81
2398.5 1638.31 4036.81
2398.5 1638.31 4036.81
2398.5 1638.31 4036.81
2398.5 1638.31 4036.81
2398.5 1638.31 4036.81
2398.5 1638.31 4036.81
2398.5 1638.31 4036.81
2398.5 1638.31 4036.81
2398.5 1638.31 4036.81
2398.5 1638.31 4036.81
2398.5 1638.31 4036.81
2398.5 1638.31 4036.81
2398.5 1638.31 4036.81
2398.5 1638.31 4036.81
2398.5 1638.31 4036.81
2398.5 1638.31 4036.81
2398.5 1638.31 4036.81
2398.5 1638.31 4036.81
2398.5 1638.31 4036.81
2398.5 1638.31 4036.81
2398.5 1638.31 4036.81
2398.5 1638.31 4036.81
2398.5 1638.31 4036.81
2398.5 1638.31 4036.81
2398.5 1638.31 4036.81
2398.5 1638.31 4036.81
2398.5 1638.31 4036.81
2398.5 1638.31 4036.81
2398.5 1638.31 4036.81
2398.5 1638.31 4036.81
2398.5 1638.31 4036.81
2398.5 1638.31 4036.81
2398.5 1638.31 4036.81
2398.5 1638.31 4036.81
2398.5 1638.31 4036.81
2398.5 1638.31 4036.81
2398.5 1638.31 4036.81
2398.5 1638.31 4036.81
2398.5 1638.31 4036.81
2398.5 1638.31 4036.81
2398.5 1638.31 4036.81
2398.5 1638.31 4036.81
2398.5 1638.31 4036.81
2398.5 1638.31 4036.81
2398.5 1638.31 4036.81
2398.5 1638.31 4036.81
2398.5 1638.31 4036.81
2398.5 1638.31 4036.81
2398.5 1638.31 4036.81
2398.5 1638.31 4036.81
2398.5 1638.31 4036.81
2398.5 1638.31 4036.81
2398.5 1638.31 4036.81
2398.5 1638.31 4036.81
2398.5 1638.31 4036.81
2398.5 1638.31 4036.81
2398.5 1638.31 4036.81
2398.5 1638.31 4036.81
2398.5 1638.31 4036.81
2398.5 1638.31 4036.81
2398.5 1638.31 4036.81
2398.5 1638.31 4036.81
2398.5 1638.31 4036.81
2398.5 1638.31 4036.81
2398.5 1638.31 4036.81
2398.5 1638.31 4036.81
2398.5 1638.31 4036.81
2398.5 1638.31 4036.81
2398.5 1638.31 4036.81
2398.5 1638.31 4036.81
2398.5 1638.31 4036.81
2398.5 1638.31 4036.81
2398.5 1638.31 4036.81
2398.5 1638.31 4036.81
2398.5 1638.31 4036.81
2398.5 1638.31 4036.81
2398.5 1638.31 4036.81
2398.5 1638.31 4036.81
2398.5 1638.31 4036.81
2398.5 1638.31 4036.81
2398.5 1638.31 4036.81
2398.5 1638.31 4036.81
2398.5 1638.31 4036.81
2398.5 1638.31 4036.81
2398.5 1638.31 4036.81
2398.5 1638.31 4036.81
2398.5 1638.31 4036.81
2398.5 1638.31 4036.81
2398.5 1638.31 4036.81
2398.5 1638.31 4036.81
2398.5 1638.31 4036.81
2398.5 1638.31 4036.81
2398.5 1638.31 4036.81
2398.5 1638.31 4036.81
2398.5 1638.31 4036.81
2398.5 1638.31 4036.81
2398.5 1638.31 4036.81
2398.5 1638.31 4036.81
2398.5 1638.31 4036.81
2398.5 1638.31 4036.81
2398.5 1638.31 4036.81
2398.5 1638.31 4036.81
2398.5 1638.31 4036.81
2398.5 1638.31 4036.81
2398.5 1638.31 4036.81
2398.5 1638.31 4036.81
2398.5 1638.31 4036.81
2398.5 1638.31 4036.81
2398.5 1638.31 4036.81
2398.5 1638.31 4036.81
2398.5 1638.31 4036.81
2398.5 1638.31 4036.81
2398.5 1638.31 4036.81
2398.5 1638.31 4036.81
2398.5 1638.31 4036.81
2398.5 1638.31 4036.81
2398.5 1638.31 4036.81
2398.5 1638.31 4036.81
2398.5 1638.31 4036.81
2398.5 1638.31 4036.81
2398.5 1638.31 4036.81
2398.5 1638.31 4036.81
2398.5 1638.31 4036.81
2398.5 1638.31 4036.81
2398.5 1638.31 4036.81
2398.5 1638.31 4036.81
2398.5 1638.31 4036.81
2398.5 1638.31 4036.81
2398.5 1638.31 4036.81
2398.5 1638.31 4036.81
2398.5 1638.31 4036.81
2398.5 1638.31 4036.81
2398.5 1638.31 4036.81
2398.5 1638.31 4036.81
2398.5 1638.31 4036.81
2398.5 1638.31 4036.81
2398.5 1638.31 4036.81
2398.5 1638.31 4036.81
2398.5 1638.31 4036.81
2398.5 1638.31 4036.81
2398.5 1638.31 4036.81
2398.5 1638.31 4036.81
2398.5 1638.31 4036.81
2398.5 1638.31 4036.81
2398.5 1638.31 4036.81
2398.5 1638.31 4036.81
2398.5 1638.31 4036.81
2398.5 1638.31 4036.81
2398.5 1638.31 4036.81
2398.5 1638.31 4036.81
2398.5 1638.31 4036.81
2398.5 1638.31 4036.81
2398.5 1638.31 4036.81
2398.5 1638.31 4036.81
2398.5 1638.31 4036.81
2398.5 1638.31 4036.81
2398.5 1638.31 4036.81
2398.5 1638.31 4036.81
2398.5 1638.31 4036.81
2398.5 1638.31 4036.81
2398.5 1638.31 4036.81
2398.5 1638.31 4036.81
2398.5 1638.31 4036.81
2398.5 1638.31 4036.81
2398.5 1638.31 4036.81
2398.5 1638.31 4036.81
2398.5 1638.31 4036.81
2398.5 1638.31 4036.81
2398.5 1638.31 4036.81
2398.5 1638.31 4036.81
2398.5 1638.31 4036.81
2398.5 1638.31 4036.81
2398.5 1638.31 4036.81
2398.5 1638.31 4036.81
2398.5 1638.31 4036.81
2398.5 1638.31 4036.81
2398.5 1638.31 4036.81
2398.5 1638.31 4036.81
2398.5 1638.31 4036.81
2398.5 1638.31 4036.81
2398.5 1638.31 4036.81
2398.5 1638.31 4036.81
2398.5 1638.31 4036.81
2398.5 1638.31 4036.81
2398.5 1638.31 4036.81
2398.5 1638.31 4036.81
2398.5 1638.31 4036.81
2398.5 1638.31 4036.81
2398.5 1638.31 4036.81
2398.5 1638.31 4036.81
2398.5 1638.31 4036.81
2398.5 1638.31 4036.81
2398.5 1638.31 4036.81
2398.5 1638.31 4036.81
2398.5 1638.31 4036.81
2398.5 1638.31 4036.81
2398.5 1638.31 4036.81
2398.5 1638.31 4036.81
2398.5 1638.31 4036.81
2398.5 1638.31 4036.81
2398.5 1638.31 4036.81
2398.5 1638.31 4036.81
2398.5 1638.31 4036.81
2398.5 1638.31 4036.81
2398.5 1638.31 4036.81
2398.5 1638.31 4036.81
2398.5 1638.31 4036.81
2398.5 1638.31 4036.81
2398.5 1638.31 4036.81
2398.5 1638.31 4036.81
2398.5 1638.31 4036.81
2398.5 1638.31 4036.81
2398.5 1638.31 4036.81
2398.5 1638.31 4036.81
2398.5 1638.31 4036.81
2398.5 1638.31 4036.81
2398.5 1638.31 4036.81
2398.5 1638.31 4036.81
2398.5 1638.31 4036.81
2398.5 1638.31 4036.81
2398.5 1638.31 4036.81
2398.5 1638.31 4036.81
2398.5 1638.31 4036.81
2398.5 1638.31 4036.81
2398.5 1638.31 4036.81
2398.5 1638.31 4036.81
2398.5 1638.31 4036.81
2398.5 1638.31 4036.81
2398.5 1638.31 4036.81
2398.5 1638.31 4036.81
2398.5 1638.31 4036.81
2398.5 1638.31 4036.81
2398.5 1638.31 4036.81
2398.5 1638.31 4036.81
2398.5 1638.31 4036.81
2398.5 1638.31 4036.81
2398.5 1638.31 4036.81
2398.5 1638.31 4036.81
2398.5 1638.31 4036.81
2398.5 1638.31 4036.81
2398.5 1638.31 4036.81
2398.5 1638.31 4036.81
2398.5 1638.31 4036.81
2398.5 1638.31 4036.81
2398.5 1638.31 4036.81
2398.5 1638.31 4036.81
2398.5 1638.31 4036.81
2398.5 1638.31 4036.81
2398.5 1638.31 4036.81
2398.5 1638.31 4036.81
2398.5 1638.31 4036.81
2398.5 1638.31 4036.81
2398.5 1638.31 4036.81
2398.5 1638.31 4036.81
2398.5 1638.31 4036.81
2398.5 1638.31 4036.81
2398.5 1638.31 4036.81
2398.5 1638.31 4036.81
2398.5 1638.31 4036.81
2398.5 1638.31 4036.81
2398.5 1638.31 4036.81
2398.5 1638.31 4036.81
2398.5 1638.31 4036.81
2398.5 1638.31 4036.81
2398.5 1638.31 4036.81
2398.5 1638.31 4036.81
2398.5 1638.31 4036.81
2398.5 1638.31 4036.81
2398.5 1638.31 4036.81
2398.5 1638.31 4036.81
2398.5 1638.31 4036.81
2398.5 1638.31 4036.81
2398.5 1638.31 4036.81
2398.5 1638.31 4036.81
2398.5 1638.31 4036.81
2398.5 1638.31 4036.81
2398.5 1638.31 4036.81
2398.5 1638.31 4036.81
2398.5 1638.31 4036.81
2398.5 1638.31 4036.81
2398.5 1638.31 4036.81
2398.5 1638.31 4036.81
2398.5 1638.31 4036.81
2398.5 1638.31 4036.81
2398.5 1638.31 4036.81
2398.5 1638.31 4036.81
2398.5 1638.31 4036.81
2398.5 1638.31 4036.81
2398.5 1638.31 4036.81
2398.5 1638.31 4036.81
2398.5 1638.31 4036.81
2398.5 1638.31 4036.81
2398.5 1638.31 4036.81
2398.5 1638.31 4036.81
2398.5 1638.31 4036.81
2398.5 1638.31 4036.81
2398.5 1638.31 4036.81
2398.5 1638.31 4036.81
2398.5 1638.31 4036.81
2398.5 1638.31 4036.81
2398.5 1638.31 4036.81
2398.5 1638.31 4036.81
2398.5 1638.31 4036.81
2398.5 1638.31 4036.81
2398.5 1638.31 4036.81
2398.5 1638.31 4036.81
2398.5 1638.31 4036.81
2398.5 1638.31 4036.81
2398.5 1638.31 4036.81
2398.5 1638.31 4036.81
2398.5 1638.31 4036.81
2398.5 1638.31 4036.81
2398.5 1638.31 4036.81
2398.5 1638.31 4036.81
2398.5 1638.31 4036.81
2398.5 1638.31 4036.81
2398.5 1638.31 4036.81
2398.5 1638.31 4036.81
2398.5 1638.31 4036.81
2398.5 1638.31 4036.81
2398.5 1638.31 4036.81
2398.5 1638.31 4036.81
2398.5 1638.31 4036.81
2398.5 1638.31 4036.81
2398.5 1638.31 4036.81
2398.5 1638.31 4036.81
2398.5 1638.31 4036.81
2398.5 1638.31 4036.81
2398.5 1638.31 4036.81
2398.5 1638.31 4036.81
2398.5 1638.31 4036.81
2398.5 1638.31 4036.81
2398.5 1638.31 4036.81
2398.5 1638.31 4036.81
2398.5 1638.31 4036.81
2398.5 1638.31 4036.81
2398.5 1638.31 4036.81
2398.5 1638.31 4036.81
2398.5 1638.31 4036.81
2398.5 1638.31 4036.81
2398.5 1638.31 4036.81
2398.5 1638.31 4036.81
2398.5 1638.31 4036.81
2398.5 1638.31 4036.81
2398.5 1638.31 4036.81
2398.5 1638.31 4036.81
2398.5 1638.31 4036.81
2398.5 1638.31 4036.81
2398.5 1638.31 4036.81
2398.5 1638.31 4036.81
2398.5 1638.31 4036.81
2398.5 1638.31 4036.81
2398.5 1638.31 4036.81
2398.5 1638.31 4036.81
2398.5 1638.31 4036.81
2398.5 1638.31 4036.81
2398.5 1638.31 4036.81
2398.5 1638.31 4036.81
2398.5 1638.31 4036.81
2398.5 1638.31 4036.81
2398.5 1638.31 4036.81
2398.5 1638.31 4036.81
2398.5 1638.31 4036.81
2398.5 1638.31 4036.81
2398.5 1638.31 4036.81
2398.5 1638.31 4036.81
2398.5 1638.31 4036.81
2398.5 1638.31 4036.81
2398.5 1638.31 4036.81
2398.5 1638.31 4036.81
2398.5 1638.31 4036.81
2398.5 1638.31 4036.81
2398.5 1638.31 4036.81
2398.5 1638.31 4036.81
2398.5 1638.31 4036.81
2398.5 1638.31 4036.81
2398.5 1638.31 4036.81
2398.5 1638.31 4036.81
2398.5 1638.31 4036.81
2398.5 1638.31 4036.81
2398.5 1638.31 4036.81
2398.5 1638.31 4036.81
2398.5 1638.31 4036.81
2398.5 1638.31 4036.81
2398.5 1638.31 4036.81
2398.5 1638.31 4036.81
2398.5 1638.31 4036.81
2398.5 1638.31 4036.81
2398.5 1638.31 4036.81
2398.5 1638.31 4036.81
2398.5 1638.31 4036.81
2398.5 1638.31 4036.81
2398.5 1638.31 4036.81
2398.5 1638.31 4036.81
2398.5 1638.31 4036.81
2398.5 1638.31 4036.81
2398.5 1638.31 4036.81
2398.5 1638.31 4036.81
2398.5 1638.31 4036.81
2398.5 1638.31 4036.81
2398.5 1638.31 4036.81
2398.5 1638.31 4036.81
2398.5 1638.31 4036.81
2398.5 1638.31 4036.81
2398.5 1638.31 4036.81
2398.5 1638.31 4036.81
2398.5 1638.31 4036.81
2398.5 1638.31 4036.81
2398.5 1638.31 4036.81
2398.5 1638.31 4036.81
2398.5 1638.31 4036.81
2398.5 1638.31 4036.81
2398.5 1638.31 4036.81
2398.5 1638.31 4036.81
2398.5 1638.31 4036.81
2398.5 1638.31 4036.81
2398.5 1638.31 4036.81
2398.5 1638.31 4036.81
2398.5 1638.31 4036.81
2398.5 1638.31 4036.81
2398.5 1638.31 4036.81
2398.5 1638.31 4036.81
2398.5 1638.31 4036.81
2398.5 1638.31 4036.81
2398.5 1638.31 4036.81
2398.5 1638.31 4036.81
2398.5 1638.31 4036.81
2398.5 1638.31 4036.81
2398.5 1638.31 4036.81
2398.5 1638.31 4036.81
2398.5 1638.31 4036.81
2398.5 1638.31 4036.81
2398.5 1638.31 4036.81
2398.5 1638.31 4036.81
2398.5 1638.31 4036.81
2398.5 1638.31 4036.81
2398.5 1638.31 4036.81
2398.5 1638.31 4036.81
2398.5 1638.31 4036.81
2398.5 1638.31 4036.81
2398.5 1638.31 4036.81
2398.5 1638.31 4036.81
2398.5 1638.31 4036.81
2398.5 1638.31 4036.81
2398.5 1638.31 4036.81
2398.5 1638.31 4036.81
2398.5 1638.31 4036.81
2398.5 1638.31 4036.81
2398.5 1638.31 4036.81
2398.5 1638.31 4036.81
2398.5 1638.31 4036.81
2398.5 1638.31 4036.81
2398.5 1638.31 4036.81
2398.5 1638.31 4036.81
2398.5 1638.31 4036.81
2398.5 1638.31 4036.81
2398.5 1638.31 4036.81
2398.5 1638.31 4036.81
2398.5 1638.31 4036.81
2398.5 1638.31 4036.81
2398.5 1638.31 4036.81
2398.5 1638.31 4036.81
2398.5 1638.31 4036.81
2398.5 1638.31 4036.81
2398.5 1638.31 4036.81
2398.5 1638.31 4036.81
2398.5 1638.31 4036.81
2398.5 1638.31 4036.81
2398.5 1638.31 4036.81
2398.5 1638.31 4036.81
2398.5 1638.31 4036.81
2398.5 1638.31 4036.81
2398.5 1638.31 4036.81
2398.5 1638.31 4036.81
2398.5 1638.31 4036.81
2398.5 1638.31 4036.81
2398.5 1638.31 4036.81
2398.5 1638.31 4036.81
2398.5 1638.31 4036.81
2398.5 1638.31 4036.81
2398.5 1638.31 4036.81
2398.5 1638.31 4036.81
2398.5 1638.31 4036.81
2398.5 1638.31 4036.81
2398.5 1638.31 4036.81
2398.5 1638.31 4036.81
2398.5 1638.31 4036.81
2398.5 1638.31 4036.81
2398.5 1638.31 4036.81
2398.5 1638.31 4036.81
2398.5 1638.31 4036.81
2398.5 1638.31 4036.81
2398.5 1638.31 4036.81
2398.5 1638.31 4036.81
2398.5 1638.31 4036.81
2398.5 1638.31 4036.81
2398.5 1638.31 4036.81
2398.5 1638.31 4036.81
2398.5 1638.31 4036.81
2398.5 1638.31 4036.81
2398.5 1638.31 4036.81
2398.5 1638.31 4036.81
2398.5 1638.31 4036.81
2398.5 1638.31 4036.81
2398.5 1638.31 4036.81
2398.5 1638.31 4036.81
2398.5 1638.31 4036.81
2398.5 1638.31 4036.81
2398.5 1638.31 4036.81
2398.5 1638.31 4036.81
2398.5 1638.31 4036.81
2398.5 1638.31 4036.81
2398.5 1638.31 4036.81
2398.5 1638.31 4036.81
2398.5 1638.31 4036.81
2398.5 1638.31 4036.81
2398.5 1638.31 4036.81
2398.5 1638.31 4036.81
2398.5 1638.31 4036.81
2398.5 1638.31 4036.81
2398.5 1638.31 4036.81
2398.5 1638.31 4036.81
2398.5 1638.31 4036.81
2398.5 1638.31 4036.81
2398.5 1638.31 4036.81
2398.5 1638.31 4036.81
2398.5 1638.31 4036.81
2398.5 1638.31 4036.81
2398.5 1638.31 4036.81
2398.5 1638.31 4036.81
2398.5 1638.31 4036.81
2398.5 1638.31 4036.81
2398.5 1638.31 4036.81
2398.5 1638.31 4036.81
2398.5 1638.31 4036.81
2398.5 1638.31 4036.81
2398.5 1638.31 4036.81
2398.5 1638.31 4036.81
2398.5 1638.31 4036.81
2398.5 1638.31 4036.81
2398.5 1638.31 4036.81
2398.5 1638.31 4036.81
2398.5 1638.31 4036.81
2398.5 1638.31 4036.81
2398.5 1638.31 4036.81
2398.5 1638.31 4036.81
2398.5 1638.31 4036.81
2398.5 1638.31 4036.81
2398.5 1638.31 4036.81
2398.5 1638.31 4036.81
2398.5 1638.31 4036.81
2398.5 1638.31 4036.81
2398.5 1638.31 4036.81
2398.5 1638.31 4036.81
2398.5 1638.31 4036.81
2398.5 1638.31 4036.81
2398.5 1638.31 4036.81
2398.5 1638.31 4036.81
2398.5 1638.31 4036.81
2398.5 1638.31 4036.81
2398.5 1638.31 4036.81
2398.5 1638.31 4036.81
2398.5 1638.31 4036.81
2398.5 1638.31 4036.81
2398.5 1638.31 4036.81
2398.5 1638.31 4036.81
2398.5 1638.31 4036.81
2398.5 1638.31 4036.81
2398.5 1638.31 4036.81
2398.5 1638.31 4036.81
2398.5 1638.31 4036.81
2398.5 1638.31 4036.81
2398.5 1638.31 4036.81
2398.5 1638.31 4036.81
2398.5 1638.31 4036.81
2398.5 1638.31 4036.81
2398.5 1638.31 4036.81
2398.5 1638.31 4036.81
2398.5 1638.31 4036.81
2398.5 1638.31 4036.81
2398.5 1638.31 4036.81
2398.5 1638.31 4036.81
2398.5 1638.31 4036.81
2398.5 1638.31 4036.81
2398.5 1638.31 4036.81
2398.5 1638.31 4036.81
2398.5 1638.31 4036.81
2398.5 1638.31 4036.81
2398.5 1638.31 4036.81
2398.5 1638.31 4036.81
2398.5 1638.31 4036.81
2398.5 1638.31 4036.81
2398.5 1638.31 4036.81
2398.5 1638.31 4036.81
2398.5 1638.31 4036.81
2398.5 1638.31 4036.81
2398.5 1638.31 4036.81
2398.5 1638.31 4036.81
2398.5 1638.31 4036.81
2398.5 1638.31 4036.81
2398.5 1638.31 4036.81
2398.5 1638.31 4036.81
2398.5 1638.31 4036.81
2398.5 1638.31 4036.81
2398.5 1638.31 4036.81
2398.5 1638.31 4036.81
2398.5 1638.31 4036.81
2398.5 1638.31 4036.81
2398.5 1638.31 4036.81
2398.5 1638.31 4036.81
2398.5 1638.31 4036.81
2398.5 1638.31 4036.81
2398.5 1638.31 4036.81
2398.5 1638.31 4036.81
2398.5 1638.31 4036.81
2398.5 1638.31 4036.81
2398.5 1638.31 4036.81
2398.5 1638.31 4036.81
2398.5 1638.31 4036.81
2398.5 1638.31 4036.81
2398.5 1638.31 4036.81
2398.5 1638.31 4036.81
2398.5 1638.31 4036.81
2398.5 1638.31 4036.81
2398.5 1638.31 4036.81
2398.5 1638.31 4036.81
2398.5 1638.31 4036.81
2398.5 1638.31 4036.81
2398.5 1638.31 4036.81
2398.5 1638.31 4036.81
2398.5 1638.31 4036.81
2398.5 1638.31 4036.81
2398.5 1638.31 4036.81
2398.5 1638.31 4036.81
2398.5 1638.31 4036.81
2398.5 1638.31 4036.81
2398.5 1638.31 4036.81
2398.5 1638.31 4036.81
2398.5 1638.31 4036.81
2398.5 1638.31 4036.81
2398.5 1638.31 4036.81
2398.5 1638.31 4036.81
2398.5 1638.31 4036.81
2398.5 1638.31 4036.81
2398.5 1638.31 4036.81
2398.5 1638.31 4036.81
2398.5 1638.31 4036.81
2398.5 1638.31 4036.81
2398.5 1638.31 4036.81
2398.5 1638.31 4036.81
2398.5 1638.31 4036.81
2398.5 1638.31 4036.81
2398.5 1638.31 4036.81
2398.5 1638.31 4036.81
2398.5 1638.31 4036.81
2398.5 1638.31 4036.81
2398.5 1638.31 4036.81
2398.5 1638.31 4036.81
2398.5 1638.31 4036.81
2398.5 1638.31 4036.81
2398.5 1638.31 4036.81
2398.5 1638.31 4036.81
2398.5 1638.31 4036.81
2398.5 1638.31 4036.81
2398.5 1638.31 4036.81
2398.5 1638.31 4036.81
2398.5 1638.31 4036.81
2398.5 1638.31 4036.81
2398.5 1638.31 4036.81
2398.5 1638.31 4036.81
2398.5 1638.31 4036.81
2398.5 1638.31 4036.81
2398.5 1638.31 4036.81
2398.5 1638.31 4036.81
2398.5 1638.31 4036.81
2398.5 1638.31 4036.81
2398.5 1638.31 4036.81
2398.5 1638.31 4036.81
2398.5 1638.31 4036.81
2398.5 1638.31 4036.81
2398.5 1638.31 4036.81
2398.5 1638.31 4036.81
2398.5 1638.31 4036.81
2398.5 1638.31 4036.81
2398.5 1638.31 4036.81
2398.5 1638.31 4036.81
2398.5 1638.31 4036.81
2398.5 1638.31 4036.81
2398.5 1638.31 4036.81
2398.5 1638.31 4036.81
2398.5 1638.31 4036.81
2398.5 1638.31 4036.81
2398.5 1638.31 4036.81
2398.5 1638.31 4036.81
2398.5 1638.31 4036.81
2398.5 1638.31 4036.81
2398.5 1638.31 4036.81
2398.5 1638.31 4036.81
2398.5 1638.31 4036.81
2398.5 1638.31 4036.81
2398.5 1638.31 4036.81
2398.5 1638.31 4036.81
2398.5 1638.31 4036.81
2398.5 1638.31 4036.81
2398.5 1638.31 4036.81
2398.5 1638.31 4036.81
2398.5 1638.31 4036.81
2398.5 1638.31 4036.81
2398.5 1638.31 4036.81
2398.5 1638.31 4036.81
2398.5 1638.31 4036.81
2398.5 1638.31 4036.81
2398.5 1638.31 4036.81
2398.5 1638.31 4036.81
2398.5 1638.31 4036.81
2398.5 1638.31 4036.81
2398.5 1638.31 4036.81
2398.5 1638.31 4036.81
2398.5 1638.31 4036.81
2398.5 1638.31 4036.81
2398.5 1638.31 4036.81
2398.5 1638.31 4036.81
2398.5 1638.31 4036.81
2398.5 1638.31 4036.81
2398.5 1638.31 4036.81
2398.5 1638.31 4036.81
2398.5 1638.31 4036.81
2398.5 1638.31 4036.81
2398.5 1638.31 4036.81
2398.5 1638.31 4036.81
2398.5 1638.31 4036.81
2398.5 1638.31 4036.81
2398.5 1638.31 4036.81
2398.5 1638.31 4036.81
2398.5 1638.31 4036.81
2398.5 1638.31 4036.81
2398.5 1638.31 4036.81
2398.5 1638.31 4036.81
2398.5 1638.31 4036.81
2398.5 1638.31 4036.81
2398.5 1638.31 4036.81
2398.5 1638.31 4036.81
2398.5 1638.31 4036.81
2398.5 1638.31 4036.81
2398.5 1638.31 4036.81
2398.5 1638.31 4036.81
2398.5 1638.31 4036.81
2398.5 1638.31 4036.81
2398.5 1638.31 4036.81
2398.5 1638.31 4036.81
2398.5 1638.31 4036.81
2398.5 1638.31 4036.81
2398.5 1638.31 4036.81
2398.5 1638.31 4036.81
2398.5 1638.31 4036.81
2398.5 1638.31 4036.81
2398.5 1638.31 4036.81
2398.5 1638.31 4036.81
2398.5 1638.31 4036.81
2398.5 1638.31 4036.81
2398.5 1638.31 4036.81
2398.5 1638.31 4036.81
2398.5 1638.31 4036.81
2398.5 1638.31 4036.81
2398.5 1638.31 4036.81
2398.5 1638.31 4036.81
2398.5 1638.31 4036.81
2398.5 1638.31 4036.81
2398.5 1638.31 4036.81
2398.5 1638.31 4036.81
2398.5 1638.31 4036.81
2398.5 1638.31 4036.81
2398.5 1638.31 4036.81
2398.5 1638.31 4036.81
2398.5 1638.31 4036.81
2398.5 1638.31 4036.81
2398.5 1638.31 4036.81
2398.5 1638.31 4036.81
2398.5 1638.31 4036.81
2398.5 1638.31 4036.81
2398.5 1638.31 4036.81
2398.5 1638.31 4036.81
2398.5 1638.31 4036.81
2398.5 1638.31 4036.81
2398.5 1638.31 4036.81
2398.5 1638.31 4036.81
2398.5 1638.31 4036.81
2398.5 1638.31 4036.81
2398.5 1638.31 4036.81
2398.5 1638.31 4036.81
2398.5 1638.31 4036.81
2398.5 1638.31 4036.81
2398.5 1638.31 4036.81
2398.5 1638.31 4036.81
2398.5 1638.31 4036.81
2398.5 1638.31 4036.81
2398.5 1638.31 4036.81
2398.5 1638.31 4036.81
2398.5 1638.31 4036.81
2398.5 1638.31 4036.81
2398.5 1638.31 4036.81
2398.5 1638.31 4036.81
2398.5 1638.31 4036.81
2398.5 1638.31 4036.81
2398.5 1638.31 4036.81
2398.5 1638.31 4036.81
2398.5 1638.31 4036.81
2398.5 1638.31 4036.81
2398.5 1638.31 4036.81
2398.5 1638.31 4036.81
2398.5 1638.31 4036.81
2398.5 1638.31 4036.81
2398.5 1638.31 4036.81
2398.5 1638.31 4036.81
2398.5 1638.31 4036.81
2398.5 1638.31 4036.81
2398.5 1638.31 4036.81
2398.5 1638.31 4036.81
2398.5 1638.31 4036.81
2398.5 1638.31 4036.81
2398.5 1638.31 4036.81
2398.5 1638.31 4036.81
2398.5 1638.31 4036.81
2398.5 1638.31 4036.81
2398.5 1638.31 4036.81
2398.5 1638.31 4036.81
2398.5 1638.31 4036.81
2398.5 1638.31 4036.81
2398.5 1638.31 4036.81
2398.5 1638.31 4036.81
2398.5 1638.31 4036.81
2398.5 1638.31 4036.81
2398.5 1638.31 4036.81
2398.5 1638.31 4036.81
2398.5 1638.31 4036.81
2398.5 1638.31 4036.81
2398.5 1638.31 4036.81
2398.5 1638.31 4036.81
2398.5 1638.31 4036.81
2398.5 1638.31 4036.81
2398.5 1638.31 4036.81
2398.5 1638.31 4036.81
2398.5 1638.31 4036.81
2398.5 1638.31 4036.81
2398.5 1638.31 4036.81
2398.5 1638.31 4036.81
2398.5 1638.31 4036.81
2398.5 1638.31 4036.81
2398.5 1638.31 4036.81
2398.5 1638.31 4036.81
2398.5 1638.31 4036.81
2398.5 1638.31 4036.81
2398.5 1638.31 4036.81
2398.5 1638.31 4036.81
2398.5 1638.31 4036.81
2398.5 1638.31 4036.81
2398.5 1638.31 4036.81
2398.5 1638.31 4036.81
2398.5 1638.31 4036.81
2398.5 1638.31 4036.81
2398.5 1638.31 4036.81
2398.5 1638.31 4036.81
2398.5 1638.31 4036.81
2398.5 1638.31 4036.81
2398.5 1638.31 4036.81
2398.5 1638.31 4036.81
2398.5 1638.31 4036.81
2398.5 1638.31 4036.81
2398.5 1638.31 4036.81
2398.5 1638.31 4036.81
2398.5 1638.31 4036.81
2398.5 1638.31 4036.81
2398.5 1638.31 4036.81
2398.5 1638.31 4036.81
2398.5 1638.31 4036.81
2398.5 1638.31 4036.81
2398.5 1638.31 4036.81
2398.5 1638.31 4036.81
2398.5 1638.31 4036.81
2398.5 1638.31 4036.81
2398.5 1638.31 4036.81
2398.5 1638.31 4036.81
2398.5 1638.31 4036.81
2398.5 1638.31 4036.81
2398.5 1638.31 4036.81
2398.5 1638.31 4036.81
2398.5 1638.31 4036.81
2398.5 1638.31 4036.81
2398.5 1638.31 4036.81
2398.5 1638.31 4036.81
2398.5 1638.31 4036.81
2398.5 1638.31 4036.81
2398.5 1638.31 4036.81
2398.5 1638.31 4036.81
2398.5 1638.31 4036.81
2398.5 1638.31 4036.81
2398.5 1638.31 4036.81
2398.5 1638.31 4036.81
2398.5 1638.31 4036.81
2398.5 1638.31 4036.81
2398.5 1638.31 4036.81
2398.5 1638.31 4036.81
2398.5 1638.31 4036.81
2398.5 1638.31 4036.81
2398.5 1638.31 4036.81
2398.5 1638.31 4036.81
2398.5 1638.31 4036.81
2398.5 1638.31 4036.81
2398.5 1638.31 4036.81
2398.5 1638.31 4036.81
2398.5 1638.31 4036.81
2398.5 1638.31 4036.81
2398.5 1638.31 4036.81
2398.5 1638.31 4036.81
2398.5 1638.31 4036.81
2398.5 1638.31 4036.81
2398.5 1638.31 4036.81
2398.5 1638.31 4036.81
2398.5 1638.31 4036.81
2398.5 1638.31 4036.81
2398.5 1638.31 4036.81
2398.5 1638.31 4036.81
2398.5 1638.31 4036.81
2398.5 1638.31 4036.81
2398.5 1638.31 4036.81
2398.5 1638.31 4036.81
2398.5 1638.31 4036.81
2398.5 1638.31 4036.81
2398.5 1638.31 4036.81
2398.5 1638.31 4036.81
2398.5 1638.31 4036.81
2398.5 1638.31 4036.81
2398.5 1638.31 4036.81
2398.5 1638.31 4036.81
2398.5 1638.31 4036.81
2398.5 1638.31 4036.81
2398.5 1638.31 4036.81
2398.5 1638.31 4036.81
2398.5 1638.31 4036.81
2398.5 1638.31 4036.81
2398.5 1638.31 4036.81
2398.5 1638.31 4036.81
2398.5 1638.31 4036.81
2398.5 1638.31 4036.81
2398.5 1638.31 4036.81
2398.5 1638.31 4036.81
2398.5 1638.31 4036.81
2398.5 1638.31 4036.81
2398.5 1638.31 4036.81
2398.5 1638.31 4036.81
2398.5 1638.31 4036.81
2398.5 1638.31 4036.81
2398.5 1638.31 4036.81
2398.5 1638.31 4036.81
2398.5 1638.31 4036.81
2398.5 1638.31 4036.81
2398.5 1638.31 4036.81
2398.5 1638.31 4036.81
2398.5 1638.31 4036.81
2398.5 1638.31 4036.81
2398.5 1638.31 4036.81
2398.5 1638.31 4036.81
2398.5 1638.31 4036.81
2398.5 1638.31 4036.81
2398.5 1638.31 4036.81
2398.5 1638.31 4036.81
2398.5 1638.31 4036.81
2398.5 1638.31 4036.81
2398.5 1638.31 4036.81
2398.5 1638.31 4036.81
2398.5 1638.31 4036.81
2398.5 1638.31 4036.81
2398.5 1638.31 4036.81
2398.5 1638.31 4036.81
2398.5 1638.31 4036.81
2398.5 1638.31 4036.81
2398.5 1638.31 4036.81
2398.5 1638.31 4036.81
2398.5 1638.31 4036.81
2398.5 1638.31 4036.81
2398.5 1638.31 4036.81
2398.5 1638.31 4036.81
2398.5 1638.31 4036.81
2398.5 1638.31 4036.81
2398.5 1638.31 4036.81
2398.5 1638.31 4036.81
2398.5 1638.31 4036.81
2398.5 1638.31 4036.81
2398.5 1638.31 4036.81
2398.5 1638.31 4036.81
2398.5 1638.31 4036.81
2398.5 1638.31 4036.81
2398.5 1638.31 4036.81
2398.5 1638.31 4036.81
2398.5 1638.31 4036.81
2398.5 1638.31 4036.81
2398.5 1638.31 4036.81
2398.5 1638.31 4036.81
2398.5 1638.31 4036.81
2398.5 1638.31 4036.81
2398.5 1638.31 4036.81
2398.5 1638.31 4036.81
2398.5 1638.31 4036.81
2398.5 1638.31 4036.81
2398.5 1638.31 4036.81
2398.5 1638.31 4036.81
2398.5 1638.31 4036.81
2398.5 1638.31 4036.81
2398.5 1638.31 4036.81
2398.5 1638.31 4036.81
2398.5 1638.31 4036.81
2398.5 1638.31 4036.81
2398.5 1638.31 4036.81
2398.5 1638.31 4036.81
2398.5 1638.31 4036.81
2398.5 1638.31 4036.81
2398.5 1638.31 4036.81
2398.5 1638.31 4036.81
2398.5 1638.31 4036.81
2398.5 1638.31 4036.81
2398.5 1638.31 4036.81
2398.5 1638.31 4036.81
2398.5 1638.31 4036.81
2398.5 1638.31 4036.81
2398.5 1638.31 4036.81
2398.5 1638.31 4036.81
2398.5 1638.31 4036.81
2398.5 1638.31 4036.81
2398.5 1638.31 4036.81
2398.5 1638.31 4036.81
2398.5 1638.31 4036.81
2398.5 1638.31 4036.81
2398.5 1638.31 4036.81
2398.5 1638.31 4036.81
2398.5 1638.31 4036.81
2398.5 1638.31 4036.81
2398.5 1638.31 4036.81
2398.5 1638.31 4036.81
