648.5 3388.31 4036.81
648.5 3388.31 4036.81
648.5 3388.31 4036.81
648.5 3388.31 4036.81
648.5 3388.31 4036.81
648.5 3388.31 4036.81
648.5 3388.31 4036.81
648.5 3388.31 4036.81
648.5 3388.31 4036.81
648.5 3388.31 4036.81
648.5 3388.31 4036.81
648.5 3388.31 4036.81
648.5 3388.31 4036.81
648.5 3388.31 4036.81
648.5 3388.31 4036.81
648.5 3388.31 4036.81
648.5 3388.31 4036.81
648.5 3388.31 4036.81
648.5 3388.31 4036.81
648.5 3388.31 4036.81
648.5 3388.31 4036.81
648.5 3388.31 4036.81
648.5 3388.31 4036.81
648.5 3388.31 4036.81
648.5 3388.31 4036.81
648.5 3388.31 4036.81
648.5 3388.31 4036.81
648.5 3388.31 4036.81
648.5 3388.31 4036.81
648.5 3388.31 4036.81
648.5 3388.31 4036.81
648.5 3388.31 4036.81
648.5 3388.31 4036.81
648.5 3388.31 4036.81
648.5 3388.31 4036.81
648.5 3388.31 4036.81
648.5 3388.31 4036.81
648.5 3388.31 4036.81
648.5 3388.31 4036.81
648.5 3388.31 4036.81
648.5 3388.31 4036.81
648.5 3388.31 4036.81
648.5 3388.31 4036.81
648.5 3388.31 4036.81
648.5 3388.31 4036.81
648.5 3388.31 4036.81
648.5 3388.31 4036.81
648.5 3388.31 4036.81
648.5 3388.31 4036.81
648.5 3388.31 4036.81
648.5 3388.31 4036.81
648.5 3388.31 4036.81
648.5 3388.31 4036.81
648.5 3388.31 4036.81
648.5 3388.31 4036.81
648.5 3388.31 4036.81
648.5 3388.31 4036.81
648.5 3388.31 4036.81
648.5 3388.31 4036.81
648.5 3388.31 4036.81
648.5 3388.31 4036.81
648.5 3388.31 4036.81
648.5 3388.31 4036.81
648.5 3388.31 4036.81
648.5 3388.31 4036.81
648.5 3388.31 4036.81
648.5 3388.31 4036.81
648.5 3388.31 4036.81
648.5 3388.31 4036.81
648.5 3388.31 4036.81
648.5 3388.31 4036.81
648.5 3388.31 4036.81
648.5 3388.31 4036.81
648.5 3388.31 4036.81
648.5 3388.31 4036.81
648.5 3388.31 4036.81
648.5 3388.31 4036.81
648.5 3388.31 4036.81
648.5 3388.31 4036.81
648.5 3388.31 4036.81
648.5 3388.31 4036.81
648.5 3388.31 4036.81
648.5 3388.31 4036.81
648.5 3388.31 4036.81
648.5 3388.31 4036.81
648.5 3388.31 4036.81
648.5 3388.31 4036.81
648.5 3388.31 4036.81
648.5 3388.31 4036.81
648.5 3388.31 4036.81
648.5 3388.31 4036.81
648.5 3388.31 4036.81
648.5 3388.31 4036.81
648.5 3388.31 4036.81
648.5 3388.31 4036.81
648.5 3388.31 4036.81
648.5 3388.31 4036.81
648.5 3388.31 4036.81
648.5 3388.31 4036.81
648.5 3388.31 4036.81
648.5 3388.31 4036.81
648.5 3388.31 4036.81
648.5 3388.31 4036.81
648.5 3388.31 4036.81
648.5 3388.31 4036.81
648.5 3388.31 4036.81
648.5 3388.31 4036.81
648.5 3388.31 4036.81
648.5 3388.31 4036.81
648.5 3388.31 4036.81
648.5 3388.31 4036.81
648.5 3388.31 4036.81
648.5 3388.31 4036.81
648.5 3388.31 4036.81
648.5 3388.31 4036.81
648.5 3388.31 4036.81
648.5 3388.31 4036.81
648.5 3388.31 4036.81
648.5 3388.31 4036.81
648.5 3388.31 4036.81
648.5 3388.31 4036.81
648.5 3388.31 4036.81
648.5 3388.31 4036.81
648.5 3388.31 4036.81
648.5 3388.31 4036.81
648.5 3388.31 4036.81
648.5 3388.31 4036.81
648.5 3388.31 4036.81
648.5 3388.31 4036.81
648.5 3388.31 4036.81
648.5 3388.31 4036.81
648.5 3388.31 4036.81
648.5 3388.31 4036.81
648.5 3388.31 4036.81
648.5 3388.31 4036.81
648.5 3388.31 4036.81
648.5 3388.31 4036.81
648.5 3388.31 4036.81
648.5 3388.31 4036.81
648.5 3388.31 4036.81
648.5 3388.31 4036.81
648.5 3388.31 4036.81
648.5 3388.31 4036.81
648.5 3388.31 4036.81
648.5 3388.31 4036.81
648.5 3388.31 4036.81
773.5 3263.31 4036.81
773.5 3263.31 4036.81
773.5 3263.31 4036.81
898.5 3138.31 4036.81
898.5 3138.31 4036.81
898.5 3138.31 4036.81
1023.5 3013.31 4036.81
1023.5 3013.31 4036.81
1023.5 3013.31 4036.81
1023.5 3013.31 4036.81
1166.5 2870.31 4036.81
1291.5 2745.31 4036.81
1291.5 2745.31 4036.81
1291.5 2745.31 4036.81
1291.5 2745.31 4036.81
1291.5 2745.31 4036.81
1291.5 2745.31 4036.81
1291.5 2745.31 4036.81
1291.5 2745.31 4036.81
1416.5 2620.31 4036.81
1416.5 2620.31 4036.81
1416.5 2620.31 4036.81
1541.5 2495.31 4036.81
1541.5 2495.31 4036.81
1541.5 2495.31 4036.81
1541.5 2495.31 4036.81
1541.5 2495.31 4036.81
1541.5 2495.31 4036.81
1541.5 2495.31 4036.81
1541.5 2495.31 4036.81
1541.5 2495.31 4036.81
1541.5 2495.31 4036.81
1604 2432.81 4036.81
1604 2432.81 4036.81
1604 2432.81 4036.81
1666.5 2370.31 4036.81
1666.5 2370.31 4036.81
1666.5 2370.31 4036.81
1666.5 2370.31 4036.81
1666.5 2370.31 4036.81
1729 2307.81 4036.81
1729 2307.81 4036.81
1729 2307.81 4036.81
1729 2307.81 4036.81
1729 2307.81 4036.81
1729 2307.81 4036.81
1729 2307.81 4036.81
1729 2307.81 4036.81
1791.5 2245.31 4036.81
1791.5 2245.31 4036.81
1791.5 2245.31 4036.81
1854 2182.81 4036.81
1854 2182.81 4036.81
1854 2182.81 4036.81
1854 2182.81 4036.81
1854 2182.81 4036.81
1854 2182.81 4036.81
1854 2182.81 4036.81
1854 2182.81 4036.81
1854 2182.81 4036.81
1854 2182.81 4036.81
1885.25 2151.56 4036.81
1885.25 2151.56 4036.81
1885.25 2151.56 4036.81
1916.5 2120.31 4036.81
1916.5 2120.31 4036.81
1916.5 2120.31 4036.81
1916.5 2120.31 4036.81
1916.5 2120.31 4036.81
1947.75 2089.06 4036.81
1947.75 2089.06 4036.81
1947.75 2089.06 4036.81
1947.75 2089.06 4036.81
1947.75 2089.06 4036.81
1947.75 2089.06 4036.81
1947.75 2089.06 4036.81
1947.75 2089.06 4036.81
1979 2057.81 4036.81
1979 2057.81 4036.81
1979 2057.81 4036.81
2010.25 2026.56 4036.81
2010.25 2026.56 4036.81
2010.25 2026.56 4036.81
2010.25 2026.56 4036.81
2010.25 2026.56 4036.81
2041.5 1995.31 4036.81
2041.5 1995.31 4036.81
2041.5 1995.31 4036.81
2041.5 1995.31 4036.81
2041.5 1995.31 4036.81
2072.75 1964.06 4036.81
2072.75 1964.06 4036.81
2072.75 1964.06 4036.81
2104 1932.81 4036.81
2104 1932.81 4036.81
2104 1932.81 4036.81
2135.25 1901.56 4036.81
2135.25 1901.56 4036.81
2135.25 1901.56 4036.81
2135.25 1901.56 4036.81
2135.25 1901.56 4036.81
2135.25 1901.56 4036.81
2135.25 1901.56 4036.81
2135.25 1901.56 4036.81
2135.25 1901.56 4036.81
2135.25 1901.56 4036.81
2150.88 1885.94 4036.81
2150.88 1885.94 4036.81
2150.88 1885.94 4036.81
2166.5 1870.31 4036.81
2166.5 1870.31 4036.81
2166.5 1870.31 4036.81
2166.5 1870.31 4036.81
2166.5 1870.31 4036.81
2182.12 1854.69 4036.81
2182.12 1854.69 4036.81
2182.12 1854.69 4036.81
2198.25 1838.56 4036.81
2198.25 1838.56 4036.81
2198.25 1838.56 4036.81
2198.25 1838.56 4036.81
2198.25 1838.56 4036.81
2213.88 1822.94 4036.81
2213.88 1822.94 4036.81
2213.88 1822.94 4036.81
2229.5 1807.31 4036.81
2229.5 1807.31 4036.81
2229.5 1807.31 4036.81
2229.5 1807.31 4036.81
2229.5 1807.31 4036.81
2245.12 1791.69 4036.81
2245.12 1791.69 4036.81
2245.12 1791.69 4036.81
2261.25 1775.56 4036.81
2261.25 1775.56 4036.81
2261.25 1775.56 4036.81
2261.25 1775.56 4036.81
2261.25 1775.56 4036.81
2276.88 1759.94 4036.81
2276.88 1759.94 4036.81
2276.88 1759.94 4036.81
2292.5 1744.31 4036.81
2292.5 1744.31 4036.81
2292.5 1744.31 4036.81
2292.5 1744.31 4036.81
2292.5 1744.31 4036.81
2308.62 1728.19 4036.81
2308.62 1728.19 4036.81
2308.62 1728.19 4036.81
2308.62 1728.19 4036.81
2308.62 1728.19 4036.81
2308.62 1728.19 4036.81
2308.62 1728.19 4036.81
2308.62 1728.19 4036.81
2308.62 1728.19 4036.81
2308.62 1728.19 4036.81
2308.62 1728.19 4036.81
2308.62 1728.19 4036.81
2308.62 1728.19 4036.81
2308.62 1728.19 4036.81
2308.62 1728.19 4036.81
2308.62 1728.19 4036.81
2324.75 1712.06 4036.81
2324.75 1712.06 4036.81
2324.75 1712.06 4036.81
2324.75 1712.06 4036.81
2324.75 1712.06 4036.81
2328.75 1708.06 4036.81
2328.75 1708.06 4036.81
2328.75 1708.06 4036.81
2332.75 1704.06 4036.81
2332.75 1704.06 4036.81
2332.75 1704.06 4036.81
2332.75 1704.06 4036.81
2332.75 1704.06 4036.81
2336.75 1700.06 4036.81
2336.75 1700.06 4036.81
2336.75 1700.06 4036.81
2352.88 1683.94 4036.81
2352.88 1683.94 4036.81
2352.88 1683.94 4036.81
2352.88 1683.94 4036.81
2352.88 1683.94 4036.81
2356.88 1679.94 4036.81
2356.88 1679.94 4036.81
2356.88 1679.94 4036.81
2360.88 1675.94 4036.81
2360.88 1675.94 4036.81
2360.88 1675.94 4036.81
2360.88 1675.94 4036.81
2360.88 1675.94 4036.81
2360.88 1675.94 4036.81
2360.88 1675.94 4036.81
2360.88 1675.94 4036.81
2360.88 1675.94 4036.81
2360.88 1675.94 4036.81
2360.88 1675.94 4036.81
2360.88 1675.94 4036.81
2360.88 1675.94 4036.81
2360.88 1675.94 4036.81
2360.88 1675.94 4036.81
2360.88 1675.94 4036.81
2360.88 1675.94 4036.81
2360.88 1675.94 4036.81
2360.88 1675.94 4036.81
2360.88 1675.94 4036.81
2360.88 1675.94 4036.81
2360.88 1675.94 4036.81
2360.88 1675.94 4036.81
2360.88 1675.94 4036.81
2360.88 1675.94 4036.81
2361.88 1674.94 4036.81
2362.88 1673.94 4036.81
2362.88 1673.94 4036.81
2362.88 1673.94 4036.81
2362.88 1673.94 4036.81
2362.88 1673.94 4036.81
2362.88 1673.94 4036.81
2362.88 1673.94 4036.81
2362.88 1673.94 4036.81
2362.88 1673.94 4036.81
2362.88 1673.94 4036.81
2362.88 1673.94 4036.81
2362.88 1673.94 4036.81
2362.88 1673.94 4036.81
2362.88 1673.94 4036.81
2362.88 1673.94 4036.81
2362.88 1673.94 4036.81
2362.88 1673.94 4036.81
2362.88 1673.94 4036.81
2362.88 1673.94 4036.81
2362.88 1673.94 4036.81
2362.88 1673.94 4036.81
2362.88 1673.94 4036.81
2362.88 1673.94 4036.81
2362.88 1673.94 4036.81
2362.88 1673.94 4036.81
2362.88 1673.94 4036.81
2362.88 1673.94 4036.81
2362.88 1673.94 4036.81
2362.88 1673.94 4036.81
2362.88 1673.94 4036.81
2362.88 1673.94 4036.81
2362.88 1673.94 4036.81
2362.88 1673.94 4036.81
2362.88 1673.94 4036.81
2362.88 1673.94 4036.81
2362.88 1673.94 4036.81
2362.88 1673.94 4036.81
2362.88 1673.94 4036.81
2362.88 1673.94 4036.81
2362.88 1673.94 4036.81
2362.88 1673.94 4036.81
2362.88 1673.94 4036.81
2362.88 1673.94 4036.81
2362.88 1673.94 4036.81
2362.88 1673.94 4036.81
2362.88 1673.94 4036.81
2362.88 1673.94 4036.81
2362.88 1673.94 4036.81
2362.88 1673.94 4036.81
2362.88 1673.94 4036.81
2362.88 1673.94 4036.81
2362.88 1673.94 4036.81
2362.88 1673.94 4036.81
2362.88 1673.94 4036.81
2362.88 1673.94 4036.81
2362.88 1673.94 4036.81
2362.88 1673.94 4036.81
2362.88 1673.94 4036.81
2362.88 1673.94 4036.81
2362.88 1673.94 4036.81
2362.88 1673.94 4036.81
2362.88 1673.94 4036.81
2362.88 1673.94 4036.81
2362.88 1673.94 4036.81
2362.88 1673.94 4036.81
2362.88 1673.94 4036.81
2362.88 1673.94 4036.81
2362.88 1673.94 4036.81
2362.88 1673.94 4036.81
2362.88 1673.94 4036.81
2362.88 1673.94 4036.81
2362.88 1673.94 4036.81
2362.88 1673.94 4036.81
2362.88 1673.94 4036.81
2362.88 1673.94 4036.81
2363.88 1672.94 4036.81
2363.88 1672.94 4036.81
2363.88 1672.94 4036.81
2363.88 1672.94 4036.81
2363.88 1672.94 4036.81
2363.88 1672.94 4036.81
2363.88 1672.94 4036.81
2363.88 1672.94 4036.81
2363.88 1672.94 4036.81
2363.88 1672.94 4036.81
2363.88 1672.94 4036.81
2363.88 1672.94 4036.81
2363.88 1672.94 4036.81
2363.88 1672.94 4036.81
2363.88 1672.94 4036.81
2363.88 1672.94 4036.81
2363.88 1672.94 4036.81
2363.88 1672.94 4036.81
2363.88 1672.94 4036.81
2363.88 1672.94 4036.81
2367.88 1668.94 4036.81
2367.88 1668.94 4036.81
2367.88 1668.94 4036.81
2367.88 1668.94 4036.81
2367.88 1668.94 4036.81
2367.88 1668.94 4036.81
2367.88 1668.94 4036.81
2367.88 1668.94 4036.81
2367.88 1668.94 4036.81
2367.88 1668.94 4036.81
2367.88 1668.94 4036.81
2367.88 1668.94 4036.81
2367.88 1668.94 4036.81
2367.88 1668.94 4036.81
2367.88 1668.94 4036.81
2367.88 1668.94 4036.81
2367.88 1668.94 4036.81
2367.88 1668.94 4036.81
2367.88 1668.94 4036.81
2367.88 1668.94 4036.81
2367.88 1668.94 4036.81
2367.88 1668.94 4036.81
2367.88 1668.94 4036.81
2367.88 1668.94 4036.81
2367.88 1668.94 4036.81
2367.88 1668.94 4036.81
2367.88 1668.94 4036.81
2367.88 1668.94 4036.81
2367.88 1668.94 4036.81
2376.88 1659.94 4036.81
2376.88 1659.94 4036.81
2376.88 1659.94 4036.81
2376.88 1659.94 4036.81
2376.88 1659.94 4036.81
2385.88 1650.94 4036.81
2385.88 1650.94 4036.81
2385.88 1650.94 4036.81
2385.88 1650.94 4036.81
2385.88 1650.94 4036.81
2385.88 1650.94 4036.81
2385.88 1650.94 4036.81
2385.88 1650.94 4036.81
2385.88 1650.94 4036.81
2385.88 1650.94 4036.81
2385.88 1650.94 4036.81
2385.88 1650.94 4036.81
2385.88 1650.94 4036.81
2385.88 1650.94 4036.81
2385.88 1650.94 4036.81
2385.88 1650.94 4036.81
2385.88 1650.94 4036.81
2385.88 1650.94 4036.81
2385.88 1650.94 4036.81
2385.88 1650.94 4036.81
2385.88 1650.94 4036.81
2385.88 1650.94 4036.81
2385.88 1650.94 4036.81
2385.88 1650.94 4036.81
2385.88 1650.94 4036.81
2385.88 1650.94 4036.81
2385.88 1650.94 4036.81
2385.88 1650.94 4036.81
2385.88 1650.94 4036.81
2385.88 1650.94 4036.81
2385.88 1650.94 4036.81
2385.88 1650.94 4036.81
2385.88 1650.94 4036.81
2385.88 1650.94 4036.81
2385.88 1650.94 4036.81
2385.88 1650.94 4036.81
2385.88 1650.94 4036.81
2385.88 1650.94 4036.81
2385.88 1650.94 4036.81
2385.88 1650.94 4036.81
2385.88 1650.94 4036.81
2385.88 1650.94 4036.81
2385.88 1650.94 4036.81
2385.88 1650.94 4036.81
2385.88 1650.94 4036.81
2385.88 1650.94 4036.81
2385.88 1650.94 4036.81
2385.88 1650.94 4036.81
2385.88 1650.94 4036.81
2385.88 1650.94 4036.81
2385.88 1650.94 4036.81
2385.88 1650.94 4036.81
2385.88 1650.94 4036.81
2385.88 1650.94 4036.81
2385.88 1650.94 4036.81
2385.88 1650.94 4036.81
2385.88 1650.94 4036.81
2385.88 1650.94 4036.81
2385.88 1650.94 4036.81
2385.88 1650.94 4036.81
2385.88 1650.94 4036.81
2385.88 1650.94 4036.81
2385.88 1650.94 4036.81
2385.88 1650.94 4036.81
2385.88 1650.94 4036.81
2385.88 1650.94 4036.81
2385.88 1650.94 4036.81
2385.88 1650.94 4036.81
2385.88 1650.94 4036.81
2385.88 1650.94 4036.81
2385.88 1650.94 4036.81
2385.88 1650.94 4036.81
2385.88 1650.94 4036.81
2385.88 1650.94 4036.81
2385.88 1650.94 4036.81
2385.88 1650.94 4036.81
2385.88 1650.94 4036.81
2385.88 1650.94 4036.81
2385.88 1650.94 4036.81
2385.88 1650.94 4036.81
2385.88 1650.94 4036.81
2394.88 1641.94 4036.81
2394.88 1641.94 4036.81
2394.88 1641.94 4036.81
2394.88 1641.94 4036.81
2394.88 1641.94 4036.81
2394.88 1641.94 4036.81
2394.88 1641.94 4036.81
2394.88 1641.94 4036.81
2394.88 1641.94 4036.81
2410.5 1626.31 4036.81
2410.5 1626.31 4036.81
2410.5 1626.31 4036.81
2410.5 1626.31 4036.81
2410.5 1626.31 4036.81
2410.5 1626.31 4036.81
2410.5 1626.31 4036.81
2410.5 1626.31 4036.81
2410.5 1626.31 4036.81
2410.5 1626.31 4036.81
2410.5 1626.31 4036.81
2410.5 1626.31 4036.81
2410.5 1626.31 4036.81
2410.5 1626.31 4036.81
2410.5 1626.31 4036.81
2410.5 1626.31 4036.81
2410.5 1626.31 4036.81
2410.5 1626.31 4036.81
2410.5 1626.31 4036.81
2410.5 1626.31 4036.81
2410.5 1626.31 4036.81
2410.5 1626.31 4036.81
2410.5 1626.31 4036.81
2410.5 1626.31 4036.81
2410.5 1626.31 4036.81
2410.5 1626.31 4036.81
2410.5 1626.31 4036.81
2410.5 1626.31 4036.81
2410.5 1626.31 4036.81
2410.5 1626.31 4036.81
2410.5 1626.31 4036.81
2410.5 1626.31 4036.81
2410.5 1626.31 4036.81
2410.5 1626.31 4036.81
2410.5 1626.31 4036.81
2410.5 1626.31 4036.81
2410.5 1626.31 4036.81
2410.5 1626.31 4036.81
2410.5 1626.31 4036.81
2410.5 1626.31 4036.81
2410.5 1626.31 4036.81
2410.5 1626.31 4036.81
2410.5 1626.31 4036.81
2410.5 1626.31 4036.81
2410.5 1626.31 4036.81
2410.5 1626.31 4036.81
2410.5 1626.31 4036.81
2410.5 1626.31 4036.81
2410.5 1626.31 4036.81
2410.5 1626.31 4036.81
2410.5 1626.31 4036.81
2410.5 1626.31 4036.81
2410.5 1626.31 4036.81
2410.5 1626.31 4036.81
2410.5 1626.31 4036.81
2410.5 1626.31 4036.81
2410.5 1626.31 4036.81
2410.5 1626.31 4036.81
2410.5 1626.31 4036.81
2410.5 1626.31 4036.81
2410.5 1626.31 4036.81
2410.5 1626.31 4036.81
2410.5 1626.31 4036.81
2410.5 1626.31 4036.81
2410.5 1626.31 4036.81
2410.5 1626.31 4036.81
2410.5 1626.31 4036.81
2410.5 1626.31 4036.81
2410.5 1626.31 4036.81
2410.5 1626.31 4036.81
2410.5 1626.31 4036.81
2410.5 1626.31 4036.81
2410.5 1626.31 4036.81
2410.5 1626.31 4036.81
2410.5 1626.31 4036.81
2410.5 1626.31 4036.81
2410.5 1626.31 4036.81
2410.5 1626.31 4036.81
2410.5 1626.31 4036.81
2410.5 1626.31 4036.81
2410.5 1626.31 4036.81
2410.5 1626.31 4036.81
2410.5 1626.31 4036.81
2410.5 1626.31 4036.81
2410.5 1626.31 4036.81
2410.5 1626.31 4036.81
2410.5 1626.31 4036.81
2410.5 1626.31 4036.81
2410.5 1626.31 4036.81
2410.5 1626.31 4036.81
2410.5 1626.31 4036.81
2410.5 1626.31 4036.81
2410.5 1626.31 4036.81
2410.5 1626.31 4036.81
2410.5 1626.31 4036.81
2410.5 1626.31 4036.81
2410.5 1626.31 4036.81
2410.5 1626.31 4036.81
2410.5 1626.31 4036.81
2410.5 1626.31 4036.81
2410.5 1626.31 4036.81
2410.5 1626.31 4036.81
2410.5 1626.31 4036.81
2410.5 1626.31 4036.81
2410.5 1626.31 4036.81
2410.5 1626.31 4036.81
2410.5 1626.31 4036.81
2410.5 1626.31 4036.81
2410.5 1626.31 4036.81
2410.5 1626.31 4036.81
2410.5 1626.31 4036.81
2410.5 1626.31 4036.81
2410.5 1626.31 4036.81
2410.5 1626.31 4036.81
2410.5 1626.31 4036.81
2410.5 1626.31 4036.81
2410.5 1626.31 4036.81
2410.5 1626.31 4036.81
2410.5 1626.31 4036.81
2410.5 1626.31 4036.81
2410.5 1626.31 4036.81
2410.5 1626.31 4036.81
2410.5 1626.31 4036.81
2410.5 1626.31 4036.81
2410.5 1626.31 4036.81
2410.5 1626.31 4036.81
2410.5 1626.31 4036.81
2410.5 1626.31 4036.81
2410.5 1626.31 4036.81
2410.5 1626.31 4036.81
2410.5 1626.31 4036.81
2410.5 1626.31 4036.81
2410.5 1626.31 4036.81
2410.5 1626.31 4036.81
2410.5 1626.31 4036.81
2410.5 1626.31 4036.81
2410.5 1626.31 4036.81
2410.5 1626.31 4036.81
2410.5 1626.31 4036.81
2410.5 1626.31 4036.81
2410.5 1626.31 4036.81
2410.5 1626.31 4036.81
2410.5 1626.31 4036.81
2410.5 1626.31 4036.81
2410.5 1626.31 4036.81
2410.5 1626.31 4036.81
2410.5 1626.31 4036.81
2410.5 1626.31 4036.81
2410.5 1626.31 4036.81
2410.5 1626.31 4036.81
2410.5 1626.31 4036.81
2410.5 1626.31 4036.81
2410.5 1626.31 4036.81
2410.5 1626.31 4036.81
2410.5 1626.31 4036.81
2410.5 1626.31 4036.81
2410.5 1626.31 4036.81
2410.5 1626.31 4036.81
2410.5 1626.31 4036.81
2410.5 1626.31 4036.81
2410.5 1626.31 4036.81
2410.5 1626.31 4036.81
2410.5 1626.31 4036.81
2410.5 1626.31 4036.81
2410.5 1626.31 4036.81
2410.5 1626.31 4036.81
2410.5 1626.31 4036.81
2410.5 1626.31 4036.81
2410.5 1626.31 4036.81
2410.5 1626.31 4036.81
2410.5 1626.31 4036.81
2410.5 1626.31 4036.81
2410.5 1626.31 4036.81
2410.5 1626.31 4036.81
2410.5 1626.31 4036.81
2410.5 1626.31 4036.81
2410.5 1626.31 4036.81
2410.5 1626.31 4036.81
2410.5 1626.31 4036.81
2410.5 1626.31 4036.81
2410.5 1626.31 4036.81
2410.5 1626.31 4036.81
2410.5 1626.31 4036.81
2410.5 1626.31 4036.81
2410.5 1626.31 4036.81
2410.5 1626.31 4036.81
2410.5 1626.31 4036.81
2410.5 1626.31 4036.81
2410.5 1626.31 4036.81
2410.5 1626.31 4036.81
2410.5 1626.31 4036.81
2410.5 1626.31 4036.81
2410.5 1626.31 4036.81
2410.5 1626.31 4036.81
2410.5 1626.31 4036.81
2410.5 1626.31 4036.81
2410.5 1626.31 4036.81
2410.5 1626.31 4036.81
2410.5 1626.31 4036.81
2410.5 1626.31 4036.81
2410.5 1626.31 4036.81
2410.5 1626.31 4036.81
2410.5 1626.31 4036.81
2410.5 1626.31 4036.81
2410.5 1626.31 4036.81
2410.5 1626.31 4036.81
2410.5 1626.31 4036.81
2410.5 1626.31 4036.81
2410.5 1626.31 4036.81
2410.5 1626.31 4036.81
2410.5 1626.31 4036.81
2410.5 1626.31 4036.81
2410.5 1626.31 4036.81
2410.5 1626.31 4036.81
2410.5 1626.31 4036.81
2410.5 1626.31 4036.81
2410.5 1626.31 4036.81
2410.5 1626.31 4036.81
2410.5 1626.31 4036.81
2410.5 1626.31 4036.81
2410.5 1626.31 4036.81
2410.5 1626.31 4036.81
2410.5 1626.31 4036.81
2410.5 1626.31 4036.81
2410.5 1626.31 4036.81
2410.5 1626.31 4036.81
2410.5 1626.31 4036.81
2410.5 1626.31 4036.81
2410.5 1626.31 4036.81
2410.5 1626.31 4036.81
2410.5 1626.31 4036.81
2410.5 1626.31 4036.81
2410.5 1626.31 4036.81
2410.5 1626.31 4036.81
2410.5 1626.31 4036.81
2410.5 1626.31 4036.81
2410.5 1626.31 4036.81
2410.5 1626.31 4036.81
2410.5 1626.31 4036.81
2410.5 1626.31 4036.81
2410.5 1626.31 4036.81
2410.5 1626.31 4036.81
2410.5 1626.31 4036.81
2410.5 1626.31 4036.81
2410.5 1626.31 4036.81
2410.5 1626.31 4036.81
2410.5 1626.31 4036.81
2410.5 1626.31 4036.81
2410.5 1626.31 4036.81
2410.5 1626.31 4036.81
2410.5 1626.31 4036.81
2410.5 1626.31 4036.81
2410.5 1626.31 4036.81
2410.5 1626.31 4036.81
2410.5 1626.31 4036.81
2410.5 1626.31 4036.81
2410.5 1626.31 4036.81
2410.5 1626.31 4036.81
2410.5 1626.31 4036.81
2410.5 1626.31 4036.81
2410.5 1626.31 4036.81
2410.5 1626.31 4036.81
2410.5 1626.31 4036.81
2410.5 1626.31 4036.81
2410.5 1626.31 4036.81
2410.5 1626.31 4036.81
2410.5 1626.31 4036.81
2410.5 1626.31 4036.81
2410.5 1626.31 4036.81
2410.5 1626.31 4036.81
2410.5 1626.31 4036.81
2410.5 1626.31 4036.81
2410.5 1626.31 4036.81
2410.5 1626.31 4036.81
2410.5 1626.31 4036.81
2410.5 1626.31 4036.81
2410.5 1626.31 4036.81
2410.5 1626.31 4036.81
2410.5 1626.31 4036.81
2410.5 1626.31 4036.81
2410.5 1626.31 4036.81
2410.5 1626.31 4036.81
2410.5 1626.31 4036.81
2410.5 1626.31 4036.81
2410.5 1626.31 4036.81
2410.5 1626.31 4036.81
2410.5 1626.31 4036.81
2410.5 1626.31 4036.81
2410.5 1626.31 4036.81
2410.5 1626.31 4036.81
2410.5 1626.31 4036.81
2410.5 1626.31 4036.81
2410.5 1626.31 4036.81
2410.5 1626.31 4036.81
2410.5 1626.31 4036.81
2410.5 1626.31 4036.81
2410.5 1626.31 4036.81
2410.5 1626.31 4036.81
2410.5 1626.31 4036.81
2410.5 1626.31 4036.81
2410.5 1626.31 4036.81
2410.5 1626.31 4036.81
2410.5 1626.31 4036.81
2410.5 1626.31 4036.81
2410.5 1626.31 4036.81
2410.5 1626.31 4036.81
2410.5 1626.31 4036.81
2410.5 1626.31 4036.81
2410.5 1626.31 4036.81
2410.5 1626.31 4036.81
2410.5 1626.31 4036.81
2410.5 1626.31 4036.81
2410.5 1626.31 4036.81
2410.5 1626.31 4036.81
2410.5 1626.31 4036.81
2410.5 1626.31 4036.81
2410.5 1626.31 4036.81
2410.5 1626.31 4036.81
2410.5 1626.31 4036.81
2410.5 1626.31 4036.81
2410.5 1626.31 4036.81
2410.5 1626.31 4036.81
2410.5 1626.31 4036.81
2410.5 1626.31 4036.81
2410.5 1626.31 4036.81
2410.5 1626.31 4036.81
2410.5 1626.31 4036.81
2410.5 1626.31 4036.81
2410.5 1626.31 4036.81
2410.5 1626.31 4036.81
2410.5 1626.31 4036.81
2410.5 1626.31 4036.81
2410.5 1626.31 4036.81
2410.5 1626.31 4036.81
2410.5 1626.31 4036.81
2410.5 1626.31 4036.81
2410.5 1626.31 4036.81
2410.5 1626.31 4036.81
2410.5 1626.31 4036.81
2410.5 1626.31 4036.81
2410.5 1626.31 4036.81
2410.5 1626.31 4036.81
2410.5 1626.31 4036.81
2410.5 1626.31 4036.81
2410.5 1626.31 4036.81
2410.5 1626.31 4036.81
2410.5 1626.31 4036.81
2410.5 1626.31 4036.81
2410.5 1626.31 4036.81
2410.5 1626.31 4036.81
2410.5 1626.31 4036.81
2410.5 1626.31 4036.81
2410.5 1626.31 4036.81
2410.5 1626.31 4036.81
2410.5 1626.31 4036.81
2410.5 1626.31 4036.81
2410.5 1626.31 4036.81
2410.5 1626.31 4036.81
2410.5 1626.31 4036.81
2410.5 1626.31 4036.81
2410.5 1626.31 4036.81
2410.5 1626.31 4036.81
2410.5 1626.31 4036.81
2410.5 1626.31 4036.81
2410.5 1626.31 4036.81
2410.5 1626.31 4036.81
2410.5 1626.31 4036.81
2410.5 1626.31 4036.81
2410.5 1626.31 4036.81
2410.5 1626.31 4036.81
2410.5 1626.31 4036.81
2410.5 1626.31 4036.81
2410.5 1626.31 4036.81
2410.5 1626.31 4036.81
2410.5 1626.31 4036.81
2410.5 1626.31 4036.81
2410.5 1626.31 4036.81
2410.5 1626.31 4036.81
2410.5 1626.31 4036.81
2410.5 1626.31 4036.81
2410.5 1626.31 4036.81
2410.5 1626.31 4036.81
2410.5 1626.31 4036.81
2410.5 1626.31 4036.81
2410.5 1626.31 4036.81
2410.5 1626.31 4036.81
2410.5 1626.31 4036.81
2410.5 1626.31 4036.81
2410.5 1626.31 4036.81
2410.5 1626.31 4036.81
2410.5 1626.31 4036.81
2410.5 1626.31 4036.81
2410.5 1626.31 4036.81
2410.5 1626.31 4036.81
2410.5 1626.31 4036.81
2410.5 1626.31 4036.81
2410.5 1626.31 4036.81
2410.5 1626.31 4036.81
2410.5 1626.31 4036.81
2410.5 1626.31 4036.81
2410.5 1626.31 4036.81
2410.5 1626.31 4036.81
2410.5 1626.31 4036.81
2410.5 1626.31 4036.81
2410.5 1626.31 4036.81
2410.5 1626.31 4036.81
2410.5 1626.31 4036.81
2410.5 1626.31 4036.81
2410.5 1626.31 4036.81
2410.5 1626.31 4036.81
2410.5 1626.31 4036.81
2410.5 1626.31 4036.81
2410.5 1626.31 4036.81
2410.5 1626.31 4036.81
2410.5 1626.31 4036.81
2410.5 1626.31 4036.81
2410.5 1626.31 4036.81
2410.5 1626.31 4036.81
2410.5 1626.31 4036.81
2410.5 1626.31 4036.81
2410.5 1626.31 4036.81
2410.5 1626.31 4036.81
2410.5 1626.31 4036.81
2410.5 1626.31 4036.81
2410.5 1626.31 4036.81
2410.5 1626.31 4036.81
2410.5 1626.31 4036.81
2410.5 1626.31 4036.81
2410.5 1626.31 4036.81
2410.5 1626.31 4036.81
2410.5 1626.31 4036.81
2410.5 1626.31 4036.81
2410.5 1626.31 4036.81
2410.5 1626.31 4036.81
2410.5 1626.31 4036.81
2410.5 1626.31 4036.81
2410.5 1626.31 4036.81
2410.5 1626.31 4036.81
2410.5 1626.31 4036.81
2410.5 1626.31 4036.81
2410.5 1626.31 4036.81
2410.5 1626.31 4036.81
2410.5 1626.31 4036.81
2410.5 1626.31 4036.81
2410.5 1626.31 4036.81
2410.5 1626.31 4036.81
2410.5 1626.31 4036.81
2410.5 1626.31 4036.81
2410.5 1626.31 4036.81
2410.5 1626.31 4036.81
2410.5 1626.31 4036.81
2410.5 1626.31 4036.81
2410.5 1626.31 4036.81
2410.5 1626.31 4036.81
2410.5 1626.31 4036.81
2410.5 1626.31 4036.81
2410.5 1626.31 4036.81
2410.5 1626.31 4036.81
2410.5 1626.31 4036.81
2410.5 1626.31 4036.81
2410.5 1626.31 4036.81
2410.5 1626.31 4036.81
2410.5 1626.31 4036.81
2410.5 1626.31 4036.81
2410.5 1626.31 4036.81
2410.5 1626.31 4036.81
2410.5 1626.31 4036.81
2410.5 1626.31 4036.81
2410.5 1626.31 4036.81
2410.5 1626.31 4036.81
2410.5 1626.31 4036.81
2410.5 1626.31 4036.81
2410.5 1626.31 4036.81
2410.5 1626.31 4036.81
2410.5 1626.31 4036.81
2410.5 1626.31 4036.81
2410.5 1626.31 4036.81
2410.5 1626.31 4036.81
2410.5 1626.31 4036.81
2410.5 1626.31 4036.81
2410.5 1626.31 4036.81
2410.5 1626.31 4036.81
2410.5 1626.31 4036.81
2410.5 1626.31 4036.81
2410.5 1626.31 4036.81
2410.5 1626.31 4036.81
2410.5 1626.31 4036.81
2410.5 1626.31 4036.81
2410.5 1626.31 4036.81
2410.5 1626.31 4036.81
2410.5 1626.31 4036.81
2410.5 1626.31 4036.81
2410.5 1626.31 4036.81
2410.5 1626.31 4036.81
2410.5 1626.31 4036.81
2410.5 1626.31 4036.81
2410.5 1626.31 4036.81
2410.5 1626.31 4036.81
2410.5 1626.31 4036.81
2410.5 1626.31 4036.81
2410.5 1626.31 4036.81
2410.5 1626.31 4036.81
2410.5 1626.31 4036.81
2410.5 1626.31 4036.81
2410.5 1626.31 4036.81
2410.5 1626.31 4036.81
2410.5 1626.31 4036.81
2410.5 1626.31 4036.81
2410.5 1626.31 4036.81
2410.5 1626.31 4036.81
2410.5 1626.31 4036.81
2410.5 1626.31 4036.81
2410.5 1626.31 4036.81
2410.5 1626.31 4036.81
2410.5 1626.31 4036.81
2410.5 1626.31 4036.81
2410.5 1626.31 4036.81
2410.5 1626.31 4036.81
2410.5 1626.31 4036.81
2410.5 1626.31 4036.81
2410.5 1626.31 4036.81
2410.5 1626.31 4036.81
2410.5 1626.31 4036.81
2410.5 1626.31 4036.81
2410.5 1626.31 4036.81
2410.5 1626.31 4036.81
2410.5 1626.31 4036.81
2410.5 1626.31 4036.81
2410.5 1626.31 4036.81
2410.5 1626.31 4036.81
2410.5 1626.31 4036.81
2410.5 1626.31 4036.81
2410.5 1626.31 4036.81
2410.5 1626.31 4036.81
2410.5 1626.31 4036.81
2410.5 1626.31 4036.81
2410.5 1626.31 4036.81
2410.5 1626.31 4036.81
2410.5 1626.31 4036.81
2410.5 1626.31 4036.81
2410.5 1626.31 4036.81
2410.5 1626.31 4036.81
2410.5 1626.31 4036.81
2410.5 1626.31 4036.81
2410.5 1626.31 4036.81
2410.5 1626.31 4036.81
2410.5 1626.31 4036.81
2410.5 1626.31 4036.81
2410.5 1626.31 4036.81
2410.5 1626.31 4036.81
2410.5 1626.31 4036.81
2410.5 1626.31 4036.81
2410.5 1626.31 4036.81
2410.5 1626.31 4036.81
2410.5 1626.31 4036.81
2410.5 1626.31 4036.81
2410.5 1626.31 4036.81
2410.5 1626.31 4036.81
2410.5 1626.31 4036.81
2410.5 1626.31 4036.81
2410.5 1626.31 4036.81
2410.5 1626.31 4036.81
2410.5 1626.31 4036.81
2410.5 1626.31 4036.81
2410.5 1626.31 4036.81
2410.5 1626.31 4036.81
2410.5 1626.31 4036.81
2410.5 1626.31 4036.81
2410.5 1626.31 4036.81
2410.5 1626.31 4036.81
2410.5 1626.31 4036.81
2410.5 1626.31 4036.81
2410.5 1626.31 4036.81
2410.5 1626.31 4036.81
2410.5 1626.31 4036.81
2410.5 1626.31 4036.81
2410.5 1626.31 4036.81
2410.5 1626.31 4036.81
2410.5 1626.31 4036.81
2410.5 1626.31 4036.81
2410.5 1626.31 4036.81
2410.5 1626.31 4036.81
2410.5 1626.31 4036.81
2410.5 1626.31 4036.81
2410.5 1626.31 4036.81
2410.5 1626.31 4036.81
2410.5 1626.31 4036.81
2410.5 1626.31 4036.81
2410.5 1626.31 4036.81
2410.5 1626.31 4036.81
2410.5 1626.31 4036.81
2410.5 1626.31 4036.81
2410.5 1626.31 4036.81
2410.5 1626.31 4036.81
2410.5 1626.31 4036.81
2410.5 1626.31 4036.81
2410.5 1626.31 4036.81
2410.5 1626.31 4036.81
2410.5 1626.31 4036.81
2410.5 1626.31 4036.81
2410.5 1626.31 4036.81
2410.5 1626.31 4036.81
2410.5 1626.31 4036.81
2410.5 1626.31 4036.81
2410.5 1626.31 4036.81
2410.5 1626.31 4036.81
2410.5 1626.31 4036.81
2410.5 1626.31 4036.81
2410.5 1626.31 4036.81
2410.5 1626.31 4036.81
2410.5 1626.31 4036.81
2410.5 1626.31 4036.81
2410.5 1626.31 4036.81
2410.5 1626.31 4036.81
2410.5 1626.31 4036.81
2410.5 1626.31 4036.81
2410.5 1626.31 4036.81
2410.5 1626.31 4036.81
2410.5 1626.31 4036.81
2410.5 1626.31 4036.81
2410.5 1626.31 4036.81
2410.5 1626.31 4036.81
2410.5 1626.31 4036.81
2410.5 1626.31 4036.81
2410.5 1626.31 4036.81
2410.5 1626.31 4036.81
2410.5 1626.31 4036.81
2410.5 1626.31 4036.81
2410.5 1626.31 4036.81
2410.5 1626.31 4036.81
2410.5 1626.31 4036.81
2410.5 1626.31 4036.81
2410.5 1626.31 4036.81
2410.5 1626.31 4036.81
2410.5 1626.31 4036.81
2410.5 1626.31 4036.81
2410.5 1626.31 4036.81
2410.5 1626.31 4036.81
2410.5 1626.31 4036.81
2410.5 1626.31 4036.81
2410.5 1626.31 4036.81
2410.5 1626.31 4036.81
2410.5 1626.31 4036.81
2410.5 1626.31 4036.81
2410.5 1626.31 4036.81
2410.5 1626.31 4036.81
2410.5 1626.31 4036.81
2410.5 1626.31 4036.81
2410.5 1626.31 4036.81
2410.5 1626.31 4036.81
2410.5 1626.31 4036.81
2410.5 1626.31 4036.81
2410.5 1626.31 4036.81
2410.5 1626.31 4036.81
2410.5 1626.31 4036.81
2410.5 1626.31 4036.81
2410.5 1626.31 4036.81
2410.5 1626.31 4036.81
2410.5 1626.31 4036.81
2410.5 1626.31 4036.81
2410.5 1626.31 4036.81
2410.5 1626.31 4036.81
2410.5 1626.31 4036.81
2410.5 1626.31 4036.81
2410.5 1626.31 4036.81
2410.5 1626.31 4036.81
2410.5 1626.31 4036.81
2410.5 1626.31 4036.81
2410.5 1626.31 4036.81
2410.5 1626.31 4036.81
2410.5 1626.31 4036.81
2410.5 1626.31 4036.81
2410.5 1626.31 4036.81
2410.5 1626.31 4036.81
2410.5 1626.31 4036.81
2410.5 1626.31 4036.81
2410.5 1626.31 4036.81
2410.5 1626.31 4036.81
2410.5 1626.31 4036.81
2410.5 1626.31 4036.81
2410.5 1626.31 4036.81
2410.5 1626.31 4036.81
2410.5 1626.31 4036.81
2410.5 1626.31 4036.81
2410.5 1626.31 4036.81
2410.5 1626.31 4036.81
2410.5 1626.31 4036.81
2410.5 1626.31 4036.81
2410.5 1626.31 4036.81
2410.5 1626.31 4036.81
2410.5 1626.31 4036.81
2410.5 1626.31 4036.81
2410.5 1626.31 4036.81
2410.5 1626.31 4036.81
2410.5 1626.31 4036.81
2410.5 1626.31 4036.81
2410.5 1626.31 4036.81
2410.5 1626.31 4036.81
2410.5 1626.31 4036.81
2410.5 1626.31 4036.81
2410.5 1626.31 4036.81
2410.5 1626.31 4036.81
2410.5 1626.31 4036.81
2410.5 1626.31 4036.81
2410.5 1626.31 4036.81
2410.5 1626.31 4036.81
2410.5 1626.31 4036.81
2410.5 1626.31 4036.81
2410.5 1626.31 4036.81
2410.5 1626.31 4036.81
2410.5 1626.31 4036.81
2410.5 1626.31 4036.81
2410.5 1626.31 4036.81
2410.5 1626.31 4036.81
2410.5 1626.31 4036.81
2410.5 1626.31 4036.81
2410.5 1626.31 4036.81
2410.5 1626.31 4036.81
2410.5 1626.31 4036.81
2410.5 1626.31 4036.81
2410.5 1626.31 4036.81
2410.5 1626.31 4036.81
2410.5 1626.31 4036.81
2410.5 1626.31 4036.81
2410.5 1626.31 4036.81
2410.5 1626.31 4036.81
2410.5 1626.31 4036.81
2410.5 1626.31 4036.81
2410.5 1626.31 4036.81
2410.5 1626.31 4036.81
2410.5 1626.31 4036.81
2410.5 1626.31 4036.81
2410.5 1626.31 4036.81
2410.5 1626.31 4036.81
2410.5 1626.31 4036.81
2410.5 1626.31 4036.81
2410.5 1626.31 4036.81
2410.5 1626.31 4036.81
2410.5 1626.31 4036.81
2410.5 1626.31 4036.81
2410.5 1626.31 4036.81
2410.5 1626.31 4036.81
2410.5 1626.31 4036.81
2410.5 1626.31 4036.81
2410.5 1626.31 4036.81
2410.5 1626.31 4036.81
2410.5 1626.31 4036.81
2410.5 1626.31 4036.81
2410.5 1626.31 4036.81
2410.5 1626.31 4036.81
2410.5 1626.31 4036.81
2410.5 1626.31 4036.81
2410.5 1626.31 4036.81
2410.5 1626.31 4036.81
2410.5 1626.31 4036.81
2410.5 1626.31 4036.81
2410.5 1626.31 4036.81
2410.5 1626.31 4036.81
2410.5 1626.31 4036.81
2410.5 1626.31 4036.81
2410.5 1626.31 4036.81
2410.5 1626.31 4036.81
2410.5 1626.31 4036.81
2410.5 1626.31 4036.81
2410.5 1626.31 4036.81
2410.5 1626.31 4036.81
2410.5 1626.31 4036.81
2410.5 1626.31 4036.81
2410.5 1626.31 4036.81
2410.5 1626.31 4036.81
2410.5 1626.31 4036.81
2410.5 1626.31 4036.81
2410.5 1626.31 4036.81
2410.5 1626.31 4036.81
2410.5 1626.31 4036.81
2410.5 1626.31 4036.81
2410.5 1626.31 4036.81
2410.5 1626.31 4036.81
2410.5 1626.31 4036.81
2410.5 1626.31 4036.81
2410.5 1626.31 4036.81
2410.5 1626.31 4036.81
2410.5 1626.31 4036.81
2410.5 1626.31 4036.81
2410.5 1626.31 4036.81
2410.5 1626.31 4036.81
2410.5 1626.31 4036.81
2410.5 1626.31 4036.81
2410.5 1626.31 4036.81
2410.5 1626.31 4036.81
2410.5 1626.31 4036.81
2410.5 1626.31 4036.81
2410.5 1626.31 4036.81
2410.5 1626.31 4036.81
2410.5 1626.31 4036.81
2410.5 1626.31 4036.81
2410.5 1626.31 4036.81
2410.5 1626.31 4036.81
2410.5 1626.31 4036.81
2410.5 1626.31 4036.81
2410.5 1626.31 4036.81
2410.5 1626.31 4036.81
2410.5 1626.31 4036.81
2410.5 1626.31 4036.81
2410.5 1626.31 4036.81
2410.5 1626.31 4036.81
2410.5 1626.31 4036.81
2410.5 1626.31 4036.81
2410.5 1626.31 4036.81
2410.5 1626.31 4036.81
2410.5 1626.31 4036.81
2410.5 1626.31 4036.81
2410.5 1626.31 4036.81
2410.5 1626.31 4036.81
2410.5 1626.31 4036.81
2410.5 1626.31 4036.81
2410.5 1626.31 4036.81
2410.5 1626.31 4036.81
2410.5 1626.31 4036.81
2410.5 1626.31 4036.81
2410.5 1626.31 4036.81
2410.5 1626.31 4036.81
2410.5 1626.31 4036.81
2410.5 1626.31 4036.81
2410.5 1626.31 4036.81
2410.5 1626.31 4036.81
2410.5 1626.31 4036.81
2410.5 1626.31 4036.81
2410.5 1626.31 4036.81
2410.5 1626.31 4036.81
2410.5 1626.31 4036.81
2410.5 1626.31 4036.81
2410.5 1626.31 4036.81
2410.5 1626.31 4036.81
2410.5 1626.31 4036.81
2410.5 1626.31 4036.81
2410.5 1626.31 4036.81
2410.5 1626.31 4036.81
2410.5 1626.31 4036.81
2410.5 1626.31 4036.81
2410.5 1626.31 4036.81
2410.5 1626.31 4036.81
2410.5 1626.31 4036.81
2410.5 1626.31 4036.81
2410.5 1626.31 4036.81
2410.5 1626.31 4036.81
2410.5 1626.31 4036.81
2410.5 1626.31 4036.81
2410.5 1626.31 4036.81
2410.5 1626.31 4036.81
2410.5 1626.31 4036.81
2410.5 1626.31 4036.81
2410.5 1626.31 4036.81
2410.5 1626.31 4036.81
2410.5 1626.31 4036.81
2410.5 1626.31 4036.81
2410.5 1626.31 4036.81
2410.5 1626.31 4036.81
2410.5 1626.31 4036.81
2410.5 1626.31 4036.81
2410.5 1626.31 4036.81
2410.5 1626.31 4036.81
2410.5 1626.31 4036.81
2410.5 1626.31 4036.81
2410.5 1626.31 4036.81
2410.5 1626.31 4036.81
2410.5 1626.31 4036.81
2410.5 1626.31 4036.81
2410.5 1626.31 4036.81
2410.5 1626.31 4036.81
2410.5 1626.31 4036.81
2410.5 1626.31 4036.81
2410.5 1626.31 4036.81
2410.5 1626.31 4036.81
2410.5 1626.31 4036.81
2410.5 1626.31 4036.81
2410.5 1626.31 4036.81
2410.5 1626.31 4036.81
2410.5 1626.31 4036.81
2410.5 1626.31 4036.81
2410.5 1626.31 4036.81
2410.5 1626.31 4036.81
2410.5 1626.31 4036.81
2410.5 1626.31 4036.81
2410.5 1626.31 4036.81
2410.5 1626.31 4036.81
2410.5 1626.31 4036.81
2410.5 1626.31 4036.81
2410.5 1626.31 4036.81
2410.5 1626.31 4036.81
2410.5 1626.31 4036.81
2410.5 1626.31 4036.81
2410.5 1626.31 4036.81
2410.5 1626.31 4036.81
2410.5 1626.31 4036.81
2410.5 1626.31 4036.81
2410.5 1626.31 4036.81
2410.5 1626.31 4036.81
2410.5 1626.31 4036.81
2410.5 1626.31 4036.81
2410.5 1626.31 4036.81
2410.5 1626.31 4036.81
2410.5 1626.31 4036.81
2410.5 1626.31 4036.81
2410.5 1626.31 4036.81
2410.5 1626.31 4036.81
2410.5 1626.31 4036.81
2410.5 1626.31 4036.81
2410.5 1626.31 4036.81
2410.5 1626.31 4036.81
2410.5 1626.31 4036.81
2410.5 1626.31 4036.81
2410.5 1626.31 4036.81
2410.5 1626.31 4036.81
2410.5 1626.31 4036.81
2410.5 1626.31 4036.81
2410.5 1626.31 4036.81
2410.5 1626.31 4036.81
2410.5 1626.31 4036.81
2410.5 1626.31 4036.81
2410.5 1626.31 4036.81
2410.5 1626.31 4036.81
2410.5 1626.31 4036.81
2410.5 1626.31 4036.81
2410.5 1626.31 4036.81
2410.5 1626.31 4036.81
2410.5 1626.31 4036.81
2410.5 1626.31 4036.81
2410.5 1626.31 4036.81
2410.5 1626.31 4036.81
2410.5 1626.31 4036.81
2410.5 1626.31 4036.81
2410.5 1626.31 4036.81
2410.5 1626.31 4036.81
2410.5 1626.31 4036.81
2410.5 1626.31 4036.81
2410.5 1626.31 4036.81
2410.5 1626.31 4036.81
2410.5 1626.31 4036.81
2410.5 1626.31 4036.81
2410.5 1626.31 4036.81
2410.5 1626.31 4036.81
2410.5 1626.31 4036.81
2410.5 1626.31 4036.81
2410.5 1626.31 4036.81
2410.5 1626.31 4036.81
2410.5 1626.31 4036.81
2410.5 1626.31 4036.81
2410.5 1626.31 4036.81
2410.5 1626.31 4036.81
2410.5 1626.31 4036.81
2410.5 1626.31 4036.81
2410.5 1626.31 4036.81
2410.5 1626.31 4036.81
2410.5 1626.31 4036.81
2410.5 1626.31 4036.81
2410.5 1626.31 4036.81
2410.5 1626.31 4036.81
2410.5 1626.31 4036.81
2410.5 1626.31 4036.81
2410.5 1626.31 4036.81
2410.5 1626.31 4036.81
2410.5 1626.31 4036.81
2410.5 1626.31 4036.81
2410.5 1626.31 4036.81
2410.5 1626.31 4036.81
2410.5 1626.31 4036.81
2410.5 1626.31 4036.81
2410.5 1626.31 4036.81
2410.5 1626.31 4036.81
2410.5 1626.31 4036.81
2410.5 1626.31 4036.81
2410.5 1626.31 4036.81
2410.5 1626.31 4036.81
2410.5 1626.31 4036.81
2410.5 1626.31 4036.81
2410.5 1626.31 4036.81
2410.5 1626.31 4036.81
2410.5 1626.31 4036.81
2410.5 1626.31 4036.81
2410.5 1626.31 4036.81
2410.5 1626.31 4036.81
2410.5 1626.31 4036.81
2410.5 1626.31 4036.81
2410.5 1626.31 4036.81
2410.5 1626.31 4036.81
2410.5 1626.31 4036.81
2410.5 1626.31 4036.81
2410.5 1626.31 4036.81
2410.5 1626.31 4036.81
2410.5 1626.31 4036.81
2410.5 1626.31 4036.81
2410.5 1626.31 4036.81
2410.5 1626.31 4036.81
2410.5 1626.31 4036.81
2410.5 1626.31 4036.81
2410.5 1626.31 4036.81
2410.5 1626.31 4036.81
2410.5 1626.31 4036.81
2410.5 1626.31 4036.81
2410.5 1626.31 4036.81
2410.5 1626.31 4036.81
2410.5 1626.31 4036.81
2410.5 1626.31 4036.81
2410.5 1626.31 4036.81
2410.5 1626.31 4036.81
2410.5 1626.31 4036.81
2410.5 1626.31 4036.81
2410.5 1626.31 4036.81
2410.5 1626.31 4036.81
2410.5 1626.31 4036.81
2410.5 1626.31 4036.81
2410.5 1626.31 4036.81
2410.5 1626.31 4036.81
2410.5 1626.31 4036.81
2410.5 1626.31 4036.81
2410.5 1626.31 4036.81
2410.5 1626.31 4036.81
2410.5 1626.31 4036.81
2410.5 1626.31 4036.81
2410.5 1626.31 4036.81
2410.5 1626.31 4036.81
2410.5 1626.31 4036.81
2410.5 1626.31 4036.81
2410.5 1626.31 4036.81
2410.5 1626.31 4036.81
2410.5 1626.31 4036.81
2410.5 1626.31 4036.81
2410.5 1626.31 4036.81
2410.5 1626.31 4036.81
2410.5 1626.31 4036.81
2410.5 1626.31 4036.81
2410.5 1626.31 4036.81
2410.5 1626.31 4036.81
2410.5 1626.31 4036.81
2410.5 1626.31 4036.81
2410.5 1626.31 4036.81
2410.5 1626.31 4036.81
2410.5 1626.31 4036.81
2410.5 1626.31 4036.81
2410.5 1626.31 4036.81
2410.5 1626.31 4036.81
2410.5 1626.31 4036.81
2410.5 1626.31 4036.81
2410.5 1626.31 4036.81
2410.5 1626.31 4036.81
2410.5 1626.31 4036.81
2410.5 1626.31 4036.81
2410.5 1626.31 4036.81
2410.5 1626.31 4036.81
2410.5 1626.31 4036.81
2410.5 1626.31 4036.81
2410.5 1626.31 4036.81
2410.5 1626.31 4036.81
2410.5 1626.31 4036.81
2410.5 1626.31 4036.81
2410.5 1626.31 4036.81
2410.5 1626.31 4036.81
2410.5 1626.31 4036.81
2410.5 1626.31 4036.81
2410.5 1626.31 4036.81
2410.5 1626.31 4036.81
2410.5 1626.31 4036.81
2410.5 1626.31 4036.81
2410.5 1626.31 4036.81
2410.5 1626.31 4036.81
2410.5 1626.31 4036.81
2410.5 1626.31 4036.81
2410.5 1626.31 4036.81
2410.5 1626.31 4036.81
2410.5 1626.31 4036.81
2410.5 1626.31 4036.81
2410.5 1626.31 4036.81
2410.5 1626.31 4036.81
2410.5 1626.31 4036.81
2410.5 1626.31 4036.81
2410.5 1626.31 4036.81
2410.5 1626.31 4036.81
2410.5 1626.31 4036.81
2410.5 1626.31 4036.81
2410.5 1626.31 4036.81
2410.5 1626.31 4036.81
2410.5 1626.31 4036.81
2410.5 1626.31 4036.81
2410.5 1626.31 4036.81
